Current Data
0.0009375, 0.402352
0.0019375, 0.393251
0.0019375, 0.393251
0.0029375, 0.402352
0.0029375, 0.402352
0.0039375, 0.402352
0.0039375, 0.393251
0.0039375, 0.402352
0.005, 0.402352
0.005, 0.393251
0.0059375, 0.402352
0.0059375, 0.411458
0.0069375, 0.411458
0.0069375, 0.402352
0.0069375, 0.429665
0.0079375, 0.429665
0.0079375, 0.438771
0.0089375, 0.447872
0.0089375, 0.456978
0.01, 0.456978
0.01, 0.475185
0.01, 0.475185
0.0109375, 0.475185
0.0109375, 0.475185
0.0119375, 0.475185
0.0119375, 0.493392
0.0119375, 0.493392
0.013, 0.484291
0.013, 0.511599
0.0139375, 0.502498
0.0139375, 0.511599
0.0149375, 0.520705
0.0149375, 0.529811
0.0159375, 0.529811
0.0159375, 0.538912
0.0159375, 0.538912
0.0169375, 0.538912
0.0169375, 0.548018
0.018, 0.548018
0.018, 0.557119
0.018, 0.557119
0.0189375, 0.566225
0.0189375, 0.566225
0.0199375, 0.575331
0.0199375, 0.566225
0.0209375, 0.584432
0.0209375, 0.584432
0.0209375, 0.593538
0.0219375, 0.593538
0.0219375, 0.602639
0.023, 0.602639
0.023, 0.602639
0.023, 0.620851
0.0239375, 0.620851
0.0239375, 0.620851
0.0249375, 0.620851
0.0249375, 0.620851
0.026, 0.629952
0.026, 0.629952
0.026, 0.629952
0.0269375, 0.639058
0.0269375, 0.648159
0.0279375, 0.657265
0.0279375, 0.657265
0.0289375, 0.675472
0.0289375, 0.666371
0.0299375, 0.675472
0.0299375, 0.675472
0.031, 0.675472
0.031, 0.684578
0.031, 0.693679
0.0319375, 0.693679
0.0319375, 0.693679
0.0329375, 0.693679
0.0329375, 0.711891
0.0329375, 0.711891
0.0339375, 0.711891
0.0339375, 0.730098
0.0349375, 0.720992
0.0349375, 0.730098
0.0349375, 0.730098
0.036, 0.730098
0.036, 0.730098
0.0369375, 0.748311
0.0369375, 0.748311
0.0379375, 0.748311
0.0379375, 0.757417
0.0379375, 0.757417
0.039, 0.766518
0.039, 0.757417
0.0399375, 0.766518
0.0399375, 0.766518
0.0399375, 0.784724
0.0409375, 0.784724
0.0409375, 0.784724
0.0419375, 0.784724
0.0419375, 0.784724
0.0429375, 0.802937
0.0429375, 0.802937
0.0429375, 0.802937
0.044, 0.821144
0.044, 0.821144
0.0449375, 0.821144
0.0449375, 0.821144
0.0449375, 0.839351
0.0459375, 0.839351
0.0459375, 0.839351
0.0469375, 0.848457
0.0469375, 0.848457
0.0479375, 0.848457
0.0479375, 0.839351
0.0479375, 0.857557
0.049, 0.857557
0.049, 0.875765
0.0499375, 0.875765
0.0499375, 0.875765
0.0499375, 0.884871
0.0509375, 0.893977
0.0509375, 0.884871
0.052, 0.893977
0.052, 0.893977
0.0529375, 0.912184
0.0529375, 0.912184
0.0529375, 0.912184
0.0539375, 0.921284
0.0539375, 0.930391
0.0549375, 0.930391
0.0549375, 0.930391
0.0559375, 0.939497
0.0559375, 0.948598
0.057, 0.948598
0.057, 0.966805
0.0579375, 0.966805
0.0579375, 0.966805
0.0589375, 0.966805
0.0589375, 0.975911
0.0589375, 0.975911
0.0599375, 0.985017
0.0599375, 0.985017
0.0609375, 0.985017
0.0609375, 0.994118
0.0609375, 1.00322
0.062, 1.00322
0.062, 1.01232
0.0629375, 1.02143
0.0629375, 1.02143
0.0639375, 1.02143
0.0639375, 1.03054
0.0639375, 1.03054
0.065, 1.03964
0.065, 1.04874
0.0659375, 1.04874
0.0659375, 1.04874
0.0659375, 1.05784
0.0669375, 1.05784
0.0669375, 1.05784
0.0679375, 1.05784
0.0679375, 1.06695
0.0689375, 1.06695
0.0689375, 1.06695
0.0689375, 1.07606
0.07, 1.07606
0.07, 1.08516
0.0709375, 1.09426
0.0709375, 1.09426
0.0709375, 1.09426
0.0719375, 1.09426
0.0719375, 1.09426
0.073, 1.11248
0.073, 1.11248
0.0739375, 1.11248
0.0739375, 1.11248
0.0739375, 1.11248
0.075, 1.11248
0.075, 1.11248
0.0759375, 1.11248
0.0759375, 1.12158
0.0759375, 1.13068
0.0769375, 1.13068
0.0769375, 1.13068
0.078, 1.13068
0.078, 1.13068
0.0789375, 1.14889
0.0789375, 1.13068
0.0789375, 1.13979
0.0799375, 1.13979
0.0799375, 1.13979
0.0809375, 1.14889
0.0809375, 1.14889
0.0809375, 1.14889
0.0819375, 1.14889
0.0819375, 1.14889
0.083, 1.14889
0.083, 1.14889
0.0839375, 1.14889
0.0839375, 1.14889
0.0839375, 1.1671
0.0849375, 1.1671
0.0849375, 1.1671
0.086, 1.1671
0.086, 1.18531
0.086, 1.18531
0.0869375, 1.18531
0.0869375, 1.1762
0.088, 1.1762
0.088, 1.1671
0.0889375, 1.1762
0.0889375, 1.1762
0.0889375, 1.1671
0.0899375, 1.1671
0.0899375, 1.19441
0.091, 1.18531
0.091, 1.18531
0.091, 1.20352
0.0919375, 1.19441
0.0919375, 1.21262
0.0929375, 1.20352
0.0929375, 1.20352
0.0939375, 1.20352
0.0939375, 1.20352
0.0939375, 1.18531
0.0949375, 1.18531
0.0949375, 1.18531
0.096, 1.18531
0.096, 1.20352
0.096, 1.19441
0.0969375, 1.20352
0.0969375, 1.21262
0.0979375, 1.22172
0.0979375, 1.22172
0.0979375, 1.23083
0.099, 1.21262
0.099, 1.21262
0.0999375, 1.22172
0.0999375, 1.21262
0.101, 1.21262
0.101, 1.21262
0.101, 1.21262
0.101938, 1.20352
0.101938, 1.21262
0.102937, 1.22172
0.102937, 1.21262
0.102937, 1.22172
0.104, 1.23993
0.104, 1.23993
0.104937, 1.23993
0.104937, 1.23993
0.105937, 1.23993
0.105937, 1.23993
0.105937, 1.23083
0.106938, 1.22172
0.106938, 1.22172
0.107937, 1.21262
0.107937, 1.21262
0.107937, 1.22172
0.109, 1.22172
0.109937, 1.22172
0.110937, 1.23083
0.110937, 1.22172
0.110937, 1.23083
0.112, 1.22172
0.112, 1.22172
0.112937, 1.21262
0.112937, 1.21262
0.113937, 1.20352
0.113937, 1.20352
0.113937, 1.20352
0.114937, 1.20352
0.114937, 1.21262
0.115937, 1.21262
0.115937, 1.22172
0.115937, 1.21262
0.117, 1.21262
0.117, 1.22172
0.117937, 1.21262
0.117937, 1.20352
0.117937, 1.20352
0.118937, 1.20352
0.118937, 1.20352
0.119937, 1.19441
0.119937, 1.19441
0.120937, 1.20352
0.120937, 1.19441
0.120937, 1.21262
0.122, 1.21262
0.122, 1.21262
0.122938, 1.21262
0.122938, 1.22172
0.122938, 1.20352
0.123937, 1.22172
0.123937, 1.20352
0.125, 1.20352
0.125, 1.20352
0.125937, 1.19441
0.125937, 1.20352
0.125937, 1.20352
0.126937, 1.20352
0.126937, 1.21262
0.127937, 1.21262
0.127937, 1.21262
0.127937, 1.21262
0.128937, 1.21262
0.128937, 1.21262
0.13, 1.20352
0.13, 1.20352
0.130937, 1.20352
0.130937, 1.20352
0.130937, 1.20352
0.131938, 1.20352
0.131938, 1.20352
0.132937, 1.22172
0.132937, 1.21262
0.132937, 1.21262
0.133937, 1.21262
0.133937, 1.21262
0.135, 1.20352
0.135, 1.21262
0.135937, 1.20352
0.135937, 1.20352
0.135937, 1.19441
0.136937, 1.20352
0.136937, 1.20352
0.138, 1.20352
0.138, 1.19441
0.138, 1.20352
0.138937, 1.20352
0.138937, 1.20352
0.139937, 1.20352
0.139937, 1.20352
0.140938, 1.20352
0.140938, 1.20352
0.140938, 1.19441
0.141937, 1.20352
0.141937, 1.20352
0.143, 1.18531
0.143, 1.19441
0.143, 1.19441
0.143937, 1.19441
0.143937, 1.20352
0.144937, 1.20352
0.144937, 1.20352
0.145938, 1.21262
0.145938, 1.21262
0.145938, 1.20352
0.146937, 1.20352
0.146937, 1.20352
0.148, 1.19441
0.148, 1.20352
0.148, 1.20352
0.148937, 1.20352
0.148937, 1.20352
0.149937, 1.20352
0.149937, 1.20352
0.151, 1.20352
0.151, 1.21262
0.151, 1.20352
0.151937, 1.22172
0.151937, 1.20352
0.152937, 1.20352
0.152937, 1.20352
0.152937, 1.20352
0.153937, 1.20352
0.153937, 1.20352
0.154938, 1.20352
0.154938, 1.20352
0.156, 1.22172
0.156, 1.21262
0.156, 1.20352
0.156937, 1.21262
0.156937, 1.20352
0.157937, 1.20352
0.157937, 1.20352
0.157937, 1.20352
0.158937, 1.20352
0.158937, 1.20352
0.159938, 1.20352
0.159938, 1.20352
0.161, 1.20352
0.161, 1.20352
0.161, 1.20352
0.161937, 1.20352
0.161937, 1.20352
0.162937, 1.20352
0.162937, 1.20352
0.162937, 1.20352
0.164, 1.20352
0.164, 1.19441
0.164937, 1.20352
0.164937, 1.20352
0.164937, 1.20352
0.165937, 1.20352
0.165937, 1.20352
0.166937, 1.21262
0.166937, 1.20352
0.167937, 1.20352
0.167937, 1.20352
0.167937, 1.20352
0.169, 1.20352
0.169, 1.20352
0.169937, 1.19441
0.169937, 1.19441
0.169937, 1.20352
0.170937, 1.19441
0.170937, 1.19441
0.171937, 1.20352
0.171937, 1.19441
0.172937, 1.21262
0.172937, 1.20352
0.172937, 1.20352
0.174, 1.20352
0.174, 1.18531
0.174937, 1.19441
0.174937, 1.19441
0.174937, 1.18531
0.175937, 1.18531
0.175937, 1.18531
0.177, 1.18531
0.177, 1.18531
0.177937, 1.18531
0.177937, 1.20352
0.177937, 1.18531
0.178937, 1.18531
0.178937, 1.18531
0.179937, 1.18531
0.179937, 1.1762
0.179937, 1.1762
0.180937, 1.18531
0.180937, 1.1671
0.182, 1.1762
0.182, 1.1671
0.182938, 1.1671
0.182938, 1.18531
0.182938, 1.18531
0.183937, 1.18531
0.183937, 1.1762
0.184937, 1.18531
0.184937, 1.18531
0.184937, 1.18531
0.185937, 1.18531
0.185937, 1.1762
0.187, 1.18531
0.187, 1.1762
0.187937, 1.1762
0.187937, 1.18531
0.187937, 1.18531
0.188937, 1.1671
0.188937, 1.18531
0.19, 1.18531
0.19, 1.1762
0.19, 1.1762
0.190937, 1.18531
0.190937, 1.1671
0.191938, 1.18531
0.191938, 1.1762
0.192937, 1.1671
0.192937, 1.18531
0.192937, 1.1762
0.193937, 1.1671
0.193937, 1.18531
0.195, 1.1762
0.195, 1.1671
0.195, 1.1671
0.195937, 1.1762
0.195937, 1.1671
0.196938, 1.1762
0.196938, 1.1671
0.198, 1.1762
0.198, 1.1671
0.198, 1.1762
0.198937, 1.1671
0.198937, 1.1762
0.2, 1.1671
0.2, 1.1671
0.2, 1.1671
0.200937, 1.18531
0.200937, 1.1762
0.201937, 1.18531
0.201937, 1.18531
0.203, 1.1671
0.203, 1.1762
0.203, 1.1671
0.203937, 1.1671
0.203937, 1.1762
0.204937, 1.18531
0.204937, 1.1762
0.204937, 1.18531
0.205938, 1.18531
0.205938, 1.18531
0.206938, 1.18531
0.206938, 1.18531
0.208, 1.18531
0.208, 1.18531
0.208, 1.18531
0.208937, 1.18531
0.208937, 1.18531
0.209937, 1.18531
0.209937, 1.18531
0.209937, 1.18531
0.211, 1.18531
0.211, 1.18531
0.211937, 1.20352
0.211937, 1.20352
0.211937, 1.20352
0.213, 1.20352
0.213, 1.21262
0.213937, 1.22172
0.213937, 1.23993
0.214937, 1.23993
0.214937, 1.26724
0.214937, 1.27635
0.216, 1.27635
0.216, 1.29456
0.216937, 1.33097
0.217937, 1.35828
0.218937, 1.37649
0.218937, 1.3856
0.219938, 1.3856
0.219938, 1.3856
0.219938, 1.37649
0.221, 1.36739
0.221, 1.34918
0.221937, 1.33097
0.221937, 1.29456
0.221937, 1.29456
0.222937, 1.28545
0.222937, 1.27635
0.224, 1.25814
0.224, 1.25814
0.224937, 1.25814
0.224937, 1.24904
0.224937, 1.23083
0.226, 1.22172
0.226, 1.22172
0.226937, 1.21262
0.226937, 1.20352
0.226937, 1.20352
0.227937, 1.18531
0.227937, 1.18531
0.229, 1.1671
0.229, 1.1762
0.229938, 1.1671
0.229938, 1.158
0.229938, 1.14889
0.230937, 1.13979
0.230937, 1.13068
0.231937, 1.13979
0.231937, 1.11248
0.231937, 1.12158
0.232937, 1.11248
0.232937, 1.10337
0.234, 1.10337
0.234, 1.09426
0.234937, 1.09426
0.234937, 1.07606
0.234937, 1.08516
0.235937, 1.07606
0.235937, 1.06695
0.237, 1.06695
0.237, 1.05784
0.237, 1.03964
0.237937, 1.03964
0.237937, 1.03964
0.238937, 1.03964
0.238937, 1.03964
0.239937, 1.02143
0.239937, 1.02143
0.239937, 1.02143
0.240937, 1.02143
0.240937, 1.02143
0.242, 1.02143
0.242, 1.01232
0.242, 1.00322
0.242938, 0.994118
0.242938, 1.00322
0.243937, 0.985017
0.243937, 0.985017
0.244937, 0.985017
0.244937, 0.985017
0.244937, 0.975911
0.245937, 0.966805
0.245937, 0.966805
0.247, 0.966805
0.247, 0.966805
0.247, 0.966805
0.247937, 0.957704
0.247937, 0.966805
0.248937, 0.948598
0.248937, 0.948598
0.248937, 0.948598
0.25, 0.966805
0.25, 0.939497
0.250937, 0.948598
0.250937, 0.939497
0.251938, 0.939497
0.251938, 0.939497
0.251938, 0.930391
0.252937, 0.930391
0.252937, 0.930391
0.253937, 0.921284
0.253937, 0.921284
0.253937, 0.930391
0.255, 0.930391
0.255, 0.930391
0.255937, 0.921284
0.255937, 0.912184
0.256938, 0.921284
0.256938, 0.921284
0.256938, 0.912184
0.257937, 0.912184
0.257937, 0.912184
0.258937, 0.912184
0.258937, 0.912184
0.258937, 0.903078
0.26, 0.903078
0.26, 0.903078
0.260937, 0.893977
0.260937, 0.903078
0.261937, 0.893977
0.261937, 0.893977
0.261937, 0.893977
0.263, 0.893977
0.263, 0.884871
0.263937, 0.893977
0.263937, 0.884871
0.263937, 0.884871
0.264937, 0.875765
0.264937, 0.884871
0.265937, 0.884871
0.265937, 0.875765
0.266937, 0.875765
0.266937, 0.875765
0.266937, 0.875765
0.268, 0.875765
0.268, 0.866664
0.268937, 0.875765
0.268937, 0.866664
0.268937, 0.875765
0.269937, 0.875765
0.269937, 0.875765
0.270937, 0.875765
0.270937, 0.875765
0.271937, 0.857557
0.271937, 0.857557
0.271937, 0.857557
0.273, 0.857557
0.273, 0.848457
0.273937, 0.857557
0.273937, 0.857557
0.273937, 0.857557
0.274938, 0.848457
0.274938, 0.848457
0.276, 0.848457
0.276, 0.839351
0.276937, 0.848457
0.276937, 0.848457
0.276937, 0.839351
0.277937, 0.839351
0.277937, 0.839351
0.278937, 0.839351
0.278937, 0.839351
0.278937, 0.839351
0.279938, 0.839351
0.279938, 0.830245
0.281, 0.839351
0.281, 0.821144
0.281937, 0.830245
0.281937, 0.839351
0.281937, 0.821144
0.282937, 0.830245
0.282937, 0.830245
0.283937, 0.830245
0.283937, 0.830245
0.283937, 0.821144
0.284937, 0.821144
0.284937, 0.821144
0.286, 0.830245
0.286, 0.812037
0.286937, 0.821144
0.286937, 0.821144
0.286937, 0.812037
0.287937, 0.821144
0.287937, 0.812037
0.289, 0.812037
0.289, 0.821144
0.289, 0.812037
0.289937, 0.802937
0.289937, 0.802937
0.290937, 0.812037
0.290937, 0.802937
0.291937, 0.812037
0.291937, 0.812037
0.291937, 0.802937
0.292937, 0.802937
0.292937, 0.802937
0.294, 0.802937
0.294, 0.802937
0.294, 0.802937
0.294937, 0.784724
0.294937, 0.802937
0.295937, 0.793831
0.295937, 0.784724
0.296937, 0.812037
0.296937, 0.793831
0.296937, 0.784724
0.297938, 0.784724
0.297938, 0.784724
0.299, 0.784724
0.299, 0.784724
0.299, 0.784724
0.299937, 0.775624
0.299937, 0.784724
0.300937, 0.775624
0.300937, 0.775624
0.302, 0.784724
0.302, 0.775624
0.302, 0.775624
0.302938, 0.775624
0.302938, 0.784724
0.303937, 0.775624
0.303937, 0.766518
0.303937, 0.766518
0.304937, 0.766518
0.304937, 0.766518
0.305937, 0.766518
0.305937, 0.757417
0.305937, 0.775624
0.307, 0.766518
0.307, 0.766518
0.307938, 0.766518
0.307938, 0.766518
0.308937, 0.766518
0.308937, 0.766518
0.308937, 0.766518
0.309937, 0.766518
0.309937, 0.766518
0.310937, 0.748311
0.310937, 0.748311
0.310937, 0.748311
0.312, 0.757417
0.312, 0.766518
0.312937, 0.766518
0.312937, 0.757417
0.313937, 0.748311
0.313937, 0.748311
0.313937, 0.748311
0.315, 0.748311
0.315, 0.748311
0.315937, 0.757417
0.315937, 0.757417
0.315937, 0.766518
0.316937, 0.775624
0.316937, 0.784724
0.317937, 0.784724
0.317937, 0.775624
0.318937, 0.775624
0.318937, 0.766518
0.318937, 0.766518
0.32, 0.757417
0.32, 0.766518
0.320938, 0.757417
0.320938, 0.748311
0.320938, 0.757417
0.321937, 0.748311
0.321937, 0.748311
0.323, 0.748311
0.323, 0.748311
0.323937, 0.748311
0.323937, 0.748311
0.323937, 0.766518
0.325, 0.757417
0.325, 0.766518
0.325938, 0.757417
0.325938, 0.748311
0.325938, 0.748311
0.326937, 0.748311
0.326937, 0.748311
0.328, 0.757417
0.328, 0.748311
0.328937, 0.730098
0.328937, 0.748311
0.328937, 0.739199
0.329937, 0.730098
0.329937, 0.739199
0.330938, 0.739199
0.330938, 0.730098
0.330938, 0.730098
0.331937, 0.739199
0.331937, 0.730098
0.333, 0.730098
0.333, 0.730098
0.333937, 0.730098
0.333937, 0.730098
0.333937, 0.720992
0.334937, 0.730098
0.334937, 0.730098
0.336, 0.730098
0.336, 0.720992
0.336, 0.711891
0.336937, 0.730098
0.336937, 0.711891
0.338, 0.720992
0.338, 0.720992
0.338937, 0.711891
0.338937, 0.730098
0.338937, 0.730098
0.339937, 0.711891
0.339937, 0.730098
0.341, 0.720992
0.341, 0.730098
0.341, 0.720992
0.341937, 0.730098
0.341937, 0.720992
0.342937, 0.711891
0.342937, 0.720992
0.343937, 0.711891
0.343937, 0.711891
0.343937, 0.730098
0.344937, 0.711891
0.344937, 0.711891
0.346, 0.720992
0.346, 0.730098
0.346, 0.730098
0.346937, 0.730098
0.346937, 0.720992
0.347937, 0.730098
0.347937, 0.730098
0.349, 0.730098
0.349, 0.720992
0.349, 0.730098
0.349937, 0.730098
0.349937, 0.748311
0.351, 0.730098
0.351, 0.730098
0.351, 0.730098
0.351937, 0.739199
0.351937, 0.720992
0.352937, 0.739199
0.352937, 0.730098
0.352937, 0.748311
0.354, 0.748311
0.354, 0.748311
0.354937, 0.739199
0.354937, 0.748311
0.355937, 0.757417
0.355937, 0.739199
0.355937, 0.748311
0.356937, 0.748311
0.356937, 0.757417
0.357937, 0.748311
0.357937, 0.757417
0.357937, 0.748311
0.359, 0.757417
0.359, 0.766518
0.359937, 0.757417
0.359937, 0.766518
0.360937, 0.775624
0.360937, 0.775624
0.360937, 0.766518
0.362, 0.766518
0.362, 0.784724
0.362937, 0.784724
0.362937, 0.775624
0.362937, 0.784724
0.363937, 0.784724
0.363937, 0.793831
0.364937, 0.784724
0.364937, 0.802937
0.365937, 0.793831
0.365937, 0.793831
0.365937, 0.802937
0.367, 0.793831
0.367, 0.793831
0.367937, 0.793831
0.367937, 0.793831
0.367937, 0.802937
0.368937, 0.793831
0.368937, 0.802937
0.369937, 0.802937
0.369937, 0.802937
0.370937, 0.793831
0.370937, 0.802937
0.370937, 0.793831
0.372, 0.802937
0.372, 0.802937
0.372937, 0.793831
0.372937, 0.802937
0.372937, 0.793831
0.373937, 0.793831
0.373937, 0.793831
0.375, 0.793831
0.375, 0.793831
0.375937, 0.784724
0.375937, 0.793831
0.375937, 0.784724
0.376938, 0.793831
0.376938, 0.793831
0.377937, 0.784724
0.377937, 0.802937
0.377937, 0.784724
0.378937, 0.775624
0.378937, 0.784724
0.38, 0.784724
0.38, 0.784724
0.380937, 0.784724
0.380937, 0.775624
0.380937, 0.784724
0.381938, 0.784724
0.381938, 0.784724
0.382937, 0.784724
0.382937, 0.775624
0.382937, 0.775624
0.383937, 0.784724
0.383937, 0.766518
0.385, 0.775624
0.385, 0.775624
0.385937, 0.775624
0.385937, 0.775624
0.385937, 0.766518
0.386938, 0.766518
0.386938, 0.757417
0.388, 0.766518
0.388, 0.757417
0.388, 0.757417
0.388937, 0.757417
0.388937, 0.757417
0.389937, 0.757417
0.389937, 0.748311
0.390937, 0.757417
0.390937, 0.757417
0.390937, 0.757417
0.391937, 0.748311
0.391937, 0.748311
0.393, 0.748311
0.393, 0.748311
0.393, 0.748311
0.393937, 0.748311
0.393937, 0.748311
0.394937, 0.730098
0.394937, 0.748311
0.395937, 0.739199
0.395937, 0.730098
0.395937, 0.739199
0.396937, 0.739199
0.396937, 0.730098
0.398, 0.730098
0.398, 0.730098
0.398, 0.730098
0.398937, 0.739199
0.398937, 0.730098
0.399938, 0.730098
0.399938, 0.730098
0.399938, 0.730098
0.401, 0.720992
0.401, 0.730098
0.401937, 0.730098
0.401937, 0.730098
0.402937, 0.730098
0.402937, 0.720992
0.402937, 0.730098
0.403937, 0.730098
0.403937, 0.730098
0.404938, 0.730098
0.404938, 0.730098
0.404938, 0.720992
0.406, 0.711891
0.406, 0.711891
0.406938, 0.711891
0.406938, 0.720992
0.407937, 0.711891
0.407937, 0.720992
0.407937, 0.711891
0.408937, 0.711891
0.408937, 0.720992
0.409937, 0.720992
0.409937, 0.711891
0.409937, 0.711891
0.411, 0.711891
0.411, 0.711891
0.411937, 0.711891
0.411937, 0.711891
0.412937, 0.711891
0.412937, 0.711891
0.412937, 0.720992
0.414, 0.711891
0.414, 0.711891
0.414937, 0.711891
0.414937, 0.711891
0.414937, 0.711891
0.415937, 0.702785
0.415937, 0.711891
0.416937, 0.702785
0.416937, 0.711891
0.417937, 0.711891
0.417937, 0.711891
0.417937, 0.693679
0.419, 0.711891
0.419, 0.711891
0.419938, 0.693679
0.419938, 0.711891
0.419938, 0.702785
0.420937, 0.693679
0.420937, 0.702785
0.421937, 0.693679
0.421937, 0.693679
0.422937, 0.702785
0.422937, 0.702785
0.422937, 0.711891
0.424, 0.693679
0.424, 0.702785
0.424937, 0.693679
0.424937, 0.702785
0.424937, 0.711891
0.425937, 0.693679
0.425937, 0.711891
0.427, 0.702785
0.427, 0.702785
0.427938, 0.693679
0.427938, 0.702785
0.427938, 0.693679
0.428937, 0.711891
0.428937, 0.693679
0.429937, 0.693679
0.429937, 0.693679
0.429937, 0.702785
0.432, 0.693679
0.433937, 0.702785
0.433937, 0.693679
0.434937, 0.693679
0.434937, 0.693679
0.434937, 0.693679
0.435937, 0.693679
0.435937, 0.693679
0.437, 0.693679
0.437, 0.711891
0.437, 0.693679
0.437937, 0.693679
0.437937, 0.693679
0.438937, 0.693679
0.438937, 0.693679
0.44, 0.693679
0.44, 0.702785
0.44, 0.693679
0.440937, 0.693679
0.440937, 0.693679
0.441937, 0.693679
0.441937, 0.693679
0.441937, 0.693679
0.442937, 0.693679
0.442937, 0.693679
0.443937, 0.702785
0.443937, 0.693679
0.445, 0.693679
0.445, 0.693679
0.445, 0.693679
0.445938, 0.684578
0.445938, 0.693679
0.446937, 0.693679
0.446937, 0.693679
0.446937, 0.684578
0.448, 0.693679
0.448, 0.693679
0.448937, 0.693679
0.448937, 0.693679
0.45, 0.684578
0.45, 0.702785
0.45, 0.693679
0.450938, 0.693679
0.450938, 0.693679
0.451937, 0.693679
0.451937, 0.684578
0.451937, 0.684578
0.453, 0.693679
0.453, 0.684578
0.453937, 0.693679
0.453937, 0.693679
0.454937, 0.693679
0.454937, 0.693679
0.454937, 0.693679
0.455937, 0.693679
0.455937, 0.693679
0.456937, 0.711891
0.456937, 0.711891
0.456937, 0.711891
0.458, 0.711891
0.458, 0.711891
0.458937, 0.711891
0.458937, 0.739199
0.459937, 0.730098
0.459937, 0.730098
0.459937, 0.730098
0.461, 0.730098
0.461, 0.739199
0.461937, 0.739199
0.461937, 0.748311
0.461937, 0.748311
0.463, 0.748311
0.463, 0.748311
0.463937, 0.748311
0.463937, 0.748311
0.464937, 0.748311
0.464937, 0.748311
0.464937, 0.766518
0.466, 0.757417
0.466, 0.766518
0.466937, 0.766518
0.466937, 0.775624
0.466937, 0.775624
0.467937, 0.775624
0.467937, 0.766518
0.468937, 0.775624
0.468937, 0.775624
0.469937, 0.784724
0.469937, 0.784724
0.469937, 0.775624
0.471, 0.784724
0.471, 0.793831
0.471937, 0.784724
0.471937, 0.802937
0.471937, 0.802937
0.472937, 0.802937
0.472937, 0.802937
0.474, 0.793831
0.474, 0.802937
0.474937, 0.802937
0.474937, 0.802937
0.474937, 0.793831
0.476, 0.821144
0.476, 0.812037
0.476937, 0.802937
0.476937, 0.802937
0.476937, 0.802937
0.477937, 0.802937
0.477937, 0.812037
0.479, 0.821144
0.479, 0.812037
0.479937, 0.812037
0.479937, 0.821144
0.479937, 0.821144
0.480937, 0.821144
0.480937, 0.821144
0.481937, 0.821144
0.481937, 0.821144
0.481937, 0.821144
0.482937, 0.821144
0.482937, 0.830245
0.484, 0.830245
0.484, 0.821144
0.484937, 0.830245
0.484937, 0.839351
0.484937, 0.821144
0.485938, 0.830245
0.485938, 0.830245
0.487, 0.830245
0.487, 0.839351
0.487, 0.839351
0.487937, 0.830245
0.487937, 0.830245
0.488937, 0.839351
0.488937, 0.839351
0.489937, 0.839351
0.489937, 0.839351
0.489937, 0.839351
0.490937, 0.839351
0.490937, 0.839351
0.492, 0.839351
0.492, 0.839351
0.492, 0.839351
0.492937, 0.839351
0.492937, 0.839351
0.493937, 0.839351
0.493937, 0.839351
0.493937, 0.839351
0.494937, 0.848457
0.494937, 0.848457
0.495937, 0.857557
0.495937, 0.848457
0.497, 0.848457
0.497, 0.848457
0.497, 0.839351
0.497937, 0.839351
0.497937, 0.848457
0.498938, 0.848457
0.498938, 0.848457
0.498938, 0.848457
0.5, 0.848457
0.5, 0.839351
0.500937, 0.848457
0.500937, 0.848457
0.501937, 0.848457
0.501937, 0.848457
0.501937, 0.848457
0.502937, 0.848457
0.502937, 0.848457
0.503937, 0.848457
0.503937, 0.848457
0.503937, 0.839351
0.505, 0.848457
0.505, 0.857557
0.505937, 0.857557
0.505937, 0.857557
0.506938, 0.848457
0.506938, 0.857557
0.506938, 0.857557
0.507937, 0.848457
0.507937, 0.857557
0.508937, 0.857557
0.508937, 0.848457
0.508937, 0.857557
0.51, 0.857557
0.51, 0.848457
0.510937, 0.848457
0.510937, 0.848457
0.511937, 0.857557
0.511937, 0.848457
0.511937, 0.857557
0.513, 0.857557
0.513, 0.857557
0.513937, 0.857557
0.513937, 0.848457
0.513937, 0.857557
0.514937, 0.857557
0.514937, 0.857557
0.515937, 0.857557
0.515937, 0.857557
0.516937, 0.857557
0.516937, 0.857557
0.516937, 0.857557
0.518, 0.857557
0.518, 0.857557
0.518937, 0.857557
0.518937, 0.857557
0.518937, 0.857557
0.519938, 0.857557
0.519938, 0.857557
0.520937, 0.848457
0.520937, 0.857557
0.521937, 0.857557
0.521937, 0.857557
0.521937, 0.857557
0.523, 0.857557
0.523, 0.857557
0.523937, 0.857557
0.523937, 0.857557
0.523937, 0.875765
0.524937, 0.857557
0.524937, 0.857557
0.526, 0.857557
0.526, 0.857557
0.526937, 0.857557
0.526937, 0.857557
0.526937, 0.857557
0.527937, 0.866664
0.527937, 0.857557
0.528937, 0.857557
0.528937, 0.857557
0.528937, 0.857557
0.529938, 0.857557
0.529938, 0.857557
0.531, 0.857557
0.531, 0.857557
0.531937, 0.857557
0.531937, 0.857557
0.531937, 0.857557
0.532938, 0.857557
0.532938, 0.857557
0.533937, 0.866664
0.533937, 0.857557
0.533937, 0.848457
0.534937, 0.857557
0.534937, 0.857557
0.536, 0.866664
0.536, 0.857557
0.536937, 0.857557
0.536937, 0.857557
0.536937, 0.857557
0.537937, 0.857557
0.537937, 0.866664
0.539, 0.857557
0.539, 0.857557
0.539, 0.857557
0.539937, 0.866664
0.539937, 0.857557
0.540937, 0.866664
0.540937, 0.857557
0.540937, 0.875765
0.541937, 0.857557
0.541937, 0.857557
0.542938, 0.848457
0.542938, 0.857557
0.544, 0.848457
0.544, 0.848457
0.544, 0.839351
0.544937, 0.839351
0.544937, 0.839351
0.545937, 0.848457
0.545937, 0.821144
0.545937, 0.830245
0.546937, 0.821144
0.546937, 0.821144
0.547937, 0.821144
0.547937, 0.821144
0.549, 0.812037
0.549, 0.802937
0.549, 0.812037
0.549937, 0.802937
0.549937, 0.802937
0.550937, 0.793831
0.550937, 0.802937
0.550937, 0.802937
0.552, 0.793831
0.552, 0.784724
0.552938, 0.784724
0.552938, 0.784724
0.553937, 0.802937
0.553937, 0.784724
0.553937, 0.784724
0.554937, 0.784724
0.554937, 0.766518
0.555938, 0.775624
0.555938, 0.775624
0.555938, 0.766518
0.557, 0.775624
0.557, 0.766518
0.557937, 0.766518
0.557937, 0.766518
0.558937, 0.766518
0.558937, 0.766518
0.558937, 0.766518
0.559937, 0.757417
0.559937, 0.757417
0.560937, 0.748311
0.560937, 0.748311
0.560937, 0.748311
0.562, 0.748311
0.562, 0.748311
0.562937, 0.748311
0.562937, 0.748311
0.563937, 0.748311
0.563937, 0.748311
0.563937, 0.748311
0.565, 0.739199
0.565, 0.748311
0.565938, 0.739199
0.565938, 0.739199
0.565938, 0.748311
0.566937, 0.748311
0.566937, 0.730098
0.567937, 0.739199
0.567937, 0.739199
0.568937, 0.730098
0.568937, 0.730098
0.568937, 0.730098
0.57, 0.730098
0.57, 0.720992
0.570937, 0.730098
0.570937, 0.730098
0.570937, 0.711891
0.571937, 0.720992
0.571937, 0.730098
0.573, 0.720992
0.573, 0.711891
0.573937, 0.720992
0.573937, 0.711891
0.573937, 0.720992
0.575, 0.711891
0.575, 0.711891
0.575938, 0.711891
0.575938, 0.730098
0.575938, 0.711891
0.576937, 0.720992
0.576937, 0.711891
0.578, 0.711891
0.578, 0.711891
0.578937, 0.720992
0.578937, 0.711891
0.578937, 0.711891
0.579937, 0.711891
0.579937, 0.711891
0.580937, 0.711891
0.580937, 0.711891
0.580937, 0.711891
0.581937, 0.711891
0.581937, 0.702785
0.583, 0.711891
0.583, 0.711891
0.583937, 0.711891
0.583937, 0.711891
0.583937, 0.711891
0.584937, 0.693679
0.584937, 0.711891
0.586, 0.702785
0.586, 0.702785
0.586, 0.711891
0.586937, 0.711891
0.586937, 0.693679
0.588, 0.702785
0.588, 0.711891
0.588938, 0.693679
0.588938, 0.702785
0.588938, 0.693679
0.589937, 0.711891
0.589937, 0.702785
0.591, 0.693679
0.591, 0.693679
0.591, 0.693679
0.591937, 0.693679
0.591937, 0.693679
0.592937, 0.693679
0.592937, 0.693679
0.592937, 0.693679
0.593937, 0.693679
0.593937, 0.693679
0.594937, 0.702785
0.594937, 0.693679
0.596, 0.702785
0.596, 0.693679
0.596, 0.693679
0.596937, 0.693679
0.596937, 0.693679
0.597937, 0.693679
0.597937, 0.693679
0.597937, 0.693679
0.599, 0.702785
0.599, 0.702785
0.599937, 0.693679
0.599937, 0.684578
0.601, 0.693679
0.601, 0.693679
0.601, 0.684578
0.601937, 0.693679
0.601937, 0.693679
0.602937, 0.693679
0.602937, 0.693679
0.602937, 0.684578
0.604, 0.693679
0.604, 0.702785
0.604937, 0.693679
0.604937, 0.693679
0.605937, 0.684578
0.605937, 0.675472
0.605937, 0.675472
0.606937, 0.711891
0.606937, 0.693679
0.607937, 0.693679
0.607937, 0.693679
0.607937, 0.693679
0.609, 0.693679
0.609, 0.693679
0.609937, 0.693679
0.609937, 0.693679
0.610937, 0.684578
0.610937, 0.693679
0.610937, 0.675472
0.612, 0.684578
0.612, 0.693679
0.612937, 0.684578
0.612937, 0.693679
0.612937, 0.693679
0.613937, 0.693679
0.613937, 0.684578
0.614937, 0.693679
0.614937, 0.684578
0.615937, 0.684578
0.615937, 0.684578
0.615937, 0.684578
0.617, 0.684578
0.617, 0.693679
0.617937, 0.684578
0.617937, 0.675472
0.617937, 0.693679
0.618937, 0.684578
0.618937, 0.693679
0.619937, 0.693679
0.619937, 0.684578
0.620937, 0.684578
0.620937, 0.693679
0.620937, 0.684578
0.622, 0.684578
0.622, 0.684578
0.622937, 0.684578
0.622937, 0.693679
0.622937, 0.693679
0.623937, 0.693679
0.623937, 0.693679
0.625, 0.693679
0.625, 0.684578
0.625937, 0.684578
0.625937, 0.684578
0.625937, 0.675472
0.626937, 0.693679
0.626937, 0.693679
0.627937, 0.693679
0.627937, 0.693679
0.627937, 0.684578
0.628937, 0.684578
0.628937, 0.693679
0.63, 0.693679
0.63, 0.693679
0.630937, 0.693679
0.630937, 0.684578
0.630937, 0.675472
0.631938, 0.693679
0.631938, 0.693679
0.632937, 0.684578
0.632937, 0.684578
0.632937, 0.675472
0.633937, 0.684578
0.633937, 0.684578
0.635, 0.693679
0.635, 0.693679
0.635937, 0.693679
0.635937, 0.684578
0.635937, 0.675472
0.636937, 0.693679
0.636937, 0.693679
0.638, 0.675472
0.638, 0.693679
0.638, 0.684578
0.638937, 0.675472
0.638937, 0.684578
0.639937, 0.684578
0.639937, 0.675472
0.640937, 0.684578
0.640937, 0.693679
0.640937, 0.684578
0.641937, 0.684578
0.641937, 0.684578
0.643, 0.693679
0.643, 0.675472
0.643, 0.675472
0.643937, 0.684578
0.643937, 0.675472
0.644938, 0.684578
0.644938, 0.693679
0.644938, 0.684578
0.645937, 0.693679
0.645937, 0.693679
0.646937, 0.684578
0.646937, 0.693679
0.648, 0.684578
0.648, 0.693679
0.648, 0.693679
0.648937, 0.684578
0.648937, 0.684578
0.649937, 0.684578
0.649937, 0.684578
0.649937, 0.693679
0.651, 0.693679
0.651, 0.675472
0.651937, 0.684578
0.651937, 0.684578
0.652937, 0.666371
0.652937, 0.657265
0.652937, 0.657265
0.653937, 0.648159
0.653937, 0.648159
0.654938, 0.639058
0.654938, 0.629952
0.654938, 0.639058
0.656, 0.629952
0.656, 0.620851
0.656937, 0.620851
0.656937, 0.611745
0.657938, 0.602639
0.657938, 0.602639
0.657938, 0.602639
0.658937, 0.602639
0.658937, 0.593538
0.659937, 0.584432
0.659937, 0.584432
0.659937, 0.584432
0.661, 0.584432
0.661, 0.566225
0.661937, 0.566225
0.661937, 0.566225
0.662937, 0.566225
0.662937, 0.557119
0.662937, 0.548018
0.664, 0.557119
0.664, 0.548018
0.664937, 0.548018
0.664937, 0.548018
0.664937, 0.548018
0.665937, 0.538912
0.665937, 0.529811
0.666937, 0.529811
0.666937, 0.529811
0.667938, 0.529811
0.667938, 0.511599
0.667938, 0.529811
0.669, 0.520705
0.669, 0.511599
0.669937, 0.520705
0.669937, 0.511599
0.669937, 0.511599
0.670937, 0.511599
0.670937, 0.502498
0.671937, 0.502498
0.671937, 0.502498
0.672937, 0.502498
0.672937, 0.511599
0.672937, 0.493392
0.674, 0.493392
0.674, 0.493392
0.674937, 0.484291
0.674937, 0.484291
0.674937, 0.484291
0.675937, 0.484291
0.675937, 0.475185
0.677, 0.475185
0.677, 0.484291
0.677938, 0.475185
0.677938, 0.466079
0.677938, 0.475185
0.678937, 0.475185
0.678937, 0.475185
0.679937, 0.466079
0.679937, 0.475185
0.679937, 0.466079
0.680938, 0.456978
0.680938, 0.456978
0.682, 0.456978
0.682, 0.456978
0.682937, 0.456978
0.682937, 0.456978
0.682937, 0.456978
0.683937, 0.456978
0.683937, 0.456978
0.684937, 0.456978
0.684937, 0.456978
0.684937, 0.447872
0.685937, 0.438771
0.685937, 0.447872
0.687, 0.447872
0.687, 0.456978
0.687937, 0.447872
0.687937, 0.447872
0.687937, 0.438771
0.688937, 0.447872
0.688937, 0.438771
0.69, 0.438771
0.69, 0.438771
0.69, 0.456978
0.690938, 0.438771
0.690938, 0.438771
0.691937, 0.438771
0.691937, 0.447872
0.692937, 0.438771
0.692937, 0.438771
0.692937, 0.438771
0.693937, 0.429665
0.693937, 0.438771
0.695, 0.438771
0.695, 0.429665
0.695, 0.438771
0.695937, 0.429665
0.695937, 0.429665
0.696937, 0.420559
0.696937, 0.420559
0.696937, 0.429665
0.698, 0.429665
0.698, 0.420559
0.698937, 0.429665
0.698937, 0.429665
0.7, 0.420559
0.7, 0.420559
0.7, 0.420559
0.700938, 0.429665
0.700938, 0.420559
0.701937, 0.429665
0.701937, 0.420559
0.701937, 0.420559
0.703, 0.420559
0.703, 0.420559
0.703937, 0.420559
0.703937, 0.420559
0.704937, 0.420559
0.704937, 0.411458
0.704937, 0.429665
0.705937, 0.420559
0.705937, 0.420559
0.706937, 0.420559
0.706937, 0.411458
0.706937, 0.420559
0.708, 0.420559
0.708, 0.420559
0.708937, 0.402352
0.708937, 0.420559
0.709937, 0.420559
0.709937, 0.402352
0.709937, 0.420559
0.711, 0.420559
0.711, 0.402352
0.711937, 0.420559
0.711937, 0.411458
0.711937, 0.420559
0.713, 0.411458
0.713, 0.402352
0.713938, 0.402352
0.713938, 0.420559
0.714937, 0.402352
0.714937, 0.402352
0.714937, 0.420559
0.716, 0.411458
0.716, 0.402352
0.716937, 0.420559
0.716937, 0.411458
0.716937, 0.402352
0.717937, 0.402352
0.717937, 0.402352
0.718937, 0.411458
0.718937, 0.402352
0.719937, 0.402352
0.719937, 0.402352
0.719937, 0.402352
0.721, 0.402352
0.721, 0.402352
0.721937, 0.411458
0.721937, 0.402352
0.721937, 0.402352
0.722937, 0.402352
0.722937, 0.402352
0.724, 0.402352
0.724, 0.402352
0.724937, 0.402352
0.724937, 0.402352
0.724937, 0.402352
0.726, 0.402352
0.726, 0.393251
0.726937, 0.402352
0.726937, 0.402352
0.726937, 0.411458
0.727937, 0.420559
0.727937, 0.402352
0.729, 0.402352
0.729, 0.411458
0.729937, 0.402352
0.729937, 0.402352
0.729937, 0.402352
0.730937, 0.402352
0.730937, 0.393251
0.731937, 0.402352
0.731937, 0.402352
0.731937, 0.402352
0.732937, 0.402352
0.732937, 0.402352
0.734, 0.402352
0.734, 0.402352
0.734937, 0.402352
0.734937, 0.402352
0.734937, 0.402352
0.735937, 0.402352
0.735937, 0.402352
0.737, 0.402352
0.737, 0.402352
0.737, 0.402352
0.737937, 0.393251
0.737937, 0.402352
0.738937, 0.402352
0.738937, 0.402352
0.739937, 0.402352
0.739937, 0.402352
0.739937, 0.402352
0.740937, 0.402352
0.740937, 0.402352
0.742, 0.402352
0.742, 0.402352
0.742, 0.402352
0.742937, 0.402352
0.742937, 0.402352
0.743937, 0.402352
0.743937, 0.402352
0.743937, 0.402352
0.744937, 0.402352
0.744937, 0.402352
0.745937, 0.402352
0.745937, 0.38414
0.747, 0.393251
0.747, 0.393251
0.747, 0.393251
0.747937, 0.402352
0.747937, 0.393251
0.748937, 0.393251
0.748937, 0.393251
0.748937, 0.402352
0.75, 0.393251
0.75, 0.411458
0.750937, 0.402352
0.750937, 0.393251
0.751937, 0.393251
0.751937, 0.402352
0.751937, 0.402352
0.752937, 0.393251
0.752937, 0.393251
0.753937, 0.393251
0.753937, 0.402352
0.753937, 0.402352
0.755, 0.393251
0.755, 0.393251
0.755937, 0.402352
0.755937, 0.393251
0.756938, 0.38414
0.756938, 0.402352
0.756938, 0.393251
0.757937, 0.393251
0.757937, 0.402352
0.758937, 0.402352
0.758937, 0.393251
0.758937, 0.402352
0.76, 0.393251
0.76, 0.393251
0.760937, 0.402352
0.760937, 0.393251
0.761937, 0.38414
0.761937, 0.402352
0.761937, 0.393251
0.763, 0.402352
0.763, 0.402352
0.763937, 0.402352
0.763937, 0.393251
0.763937, 0.393251
0.764937, 0.393251
0.764937, 0.402352
0.765937, 0.402352
0.765937, 0.402352
0.766937, 0.420559
0.766937, 0.402352
0.766937, 0.402352
0.768, 0.402352
0.768, 0.402352
0.768937, 0.393251
0.768937, 0.393251
0.768937, 0.402352
0.769938, 0.402352
0.769938, 0.402352
0.770937, 0.393251
0.770937, 0.393251
0.771937, 0.393251
0.771937, 0.402352
0.771937, 0.393251
0.773, 0.402352
0.773, 0.402352
0.773937, 0.38414
0.773937, 0.402352
0.773937, 0.402352
0.774937, 0.393251
0.774937, 0.38414
0.776, 0.402352
0.776, 0.402352
0.776937, 0.393251
0.776937, 0.402352
0.776937, 0.402352
0.777937, 0.402352
0.777937, 0.393251
0.778937, 0.402352
0.778937, 0.393251
0.778937, 0.402352
0.779938, 0.393251
0.779938, 0.402352
0.781, 0.402352
0.781, 0.38414
0.781937, 0.393251
0.781937, 0.402352
0.781937, 0.393251
0.782938, 0.402352
0.782938, 0.393251
0.783937, 0.402352
0.783937, 0.402352
0.783937, 0.402352
0.784937, 0.393251
0.784937, 0.402352
0.786, 0.402352
0.786, 0.402352
0.786937, 0.402352
0.786937, 0.402352
0.786937, 0.402352
0.787937, 0.402352
0.787937, 0.402352
0.789, 0.393251
0.789, 0.402352
0.789, 0.402352
0.789937, 0.393251
0.789937, 0.393251
0.790937, 0.402352
0.790937, 0.393251
0.791937, 0.402352
0.791937, 0.402352
0.791937, 0.393251
0.792938, 0.38414
0.792938, 0.402352
0.794, 0.393251
0.794, 0.402352
0.794, 0.402352
0.794937, 0.393251
0.794937, 0.393251
0.795937, 0.402352
0.795937, 0.402352
0.795937, 0.402352
0.796937, 0.393251
0.796937, 0.402352
0.797937, 0.393251
0.797937, 0.402352
0.799, 0.393251
0.799, 0.402352
0.799, 0.393251
0.799937, 0.402352
0.799937, 0.402352
0.800937, 0.393251
0.800937, 0.402352
0.800937, 0.393251
0.802, 0.402352
0.802, 0.393251
0.802938, 0.393251
0.802938, 0.402352
0.803937, 0.393251
0.803937, 0.393251
0.803937, 0.402352
0.804937, 0.393251
0.804937, 0.402352
0.805938, 0.393251
0.805938, 0.393251
0.805938, 0.393251
0.807, 0.402352
0.807, 0.393251
0.807937, 0.402352
0.807937, 0.402352
0.808937, 0.402352
0.808937, 0.38414
0.808937, 0.402352
0.809937, 0.38414
0.809937, 0.393251
0.810937, 0.393251
0.810937, 0.402352
0.810937, 0.402352
0.812, 0.393251
0.812, 0.393251
0.812938, 0.402352
0.812938, 0.402352
0.813937, 0.38414
0.813937, 0.402352
0.813937, 0.402352
0.815, 0.393251
0.815, 0.411458
0.815938, 0.402352
0.815938, 0.402352
0.815938, 0.402352
0.816937, 0.402352
0.816937, 0.393251
0.817937, 0.402352
0.817937, 0.402352
0.818937, 0.393251
0.818937, 0.393251
0.818937, 0.402352
0.82, 0.402352
0.82, 0.411458
0.820937, 0.402352
0.820937, 0.38414
0.820937, 0.402352
0.821937, 0.402352
0.821937, 0.38414
0.823, 0.402352
0.823, 0.393251
0.823937, 0.393251
0.823937, 0.38414
0.823937, 0.393251
0.825, 0.402352
0.825, 0.402352
0.825937, 0.402352
0.825937, 0.38414
0.825937, 0.393251
0.826937, 0.393251
0.826937, 0.38414
0.828, 0.402352
0.828, 0.402352
0.828937, 0.402352
0.828937, 0.402352
0.828937, 0.393251
0.829937, 0.393251
0.829937, 0.402352
0.830937, 0.402352
0.830937, 0.393251
0.830937, 0.402352
0.831937, 0.402352
0.831937, 0.393251
0.833, 0.393251
0.833, 0.402352
0.833937, 0.393251
0.833937, 0.393251
0.833937, 0.402352
0.834937, 0.38414
0.834937, 0.402352
0.836, 0.402352
0.836, 0.393251
0.836, 0.402352
0.836937, 0.393251
0.836937, 0.38414
0.838, 0.402352
0.838, 0.402352
0.838938, 0.38414
0.838938, 0.402352
0.838938, 0.402352
0.839937, 0.38414
0.839937, 0.402352
0.841, 0.402352
0.841, 0.393251
0.841, 0.393251
0.841937, 0.393251
0.841937, 0.38414
0.842937, 0.393251
0.842937, 0.393251
0.843937, 0.393251
0.843937, 0.393251
0.843937, 0.402352
0.844937, 0.38414
0.844937, 0.393251
0.846, 0.402352
0.846, 0.393251
0.846, 0.393251
0.846937, 0.393251
0.846937, 0.393251
0.847937, 0.393251
0.847937, 0.402352
0.847937, 0.393251
0.849, 0.393251
0.849, 0.393251
0.849937, 0.402352
0.849937, 0.393251
0.851, 0.402352
0.851, 0.393251
0.851, 0.393251
0.851937, 0.402352
0.851937, 0.393251
0.852938, 0.393251
0.852938, 0.402352
0.852938, 0.393251
0.854, 0.402352
0.854, 0.402352
0.854937, 0.393251
0.854937, 0.420559
0.855937, 0.402352
0.855937, 0.393251
0.855937, 0.402352
0.856937, 0.402352
0.856937, 0.38414
0.857937, 0.393251
0.857937, 0.402352
0.857937, 0.393251
0.859, 0.402352
0.860937, 0.402352
0.863937, 0.393251
0.863937, 0.402352
0.863937, 0.393251
0.864937, 0.393251
0.864937, 0.402352
0.865937, 0.38414
0.865937, 0.402352
0.865937, 0.402352
0.867, 0.393251
0.867, 0.402352
0.867937, 0.393251
0.867937, 0.393251
0.868937, 0.393251
0.868937, 0.402352
0.868937, 0.402352
0.869937, 0.402352
0.869937, 0.402352
0.870937, 0.393251
0.870937, 0.402352
0.870937, 0.402352
0.872, 0.38414
0.872, 0.402352
0.872937, 0.402352
0.872937, 0.402352
0.873937, 0.402352
0.873937, 0.402352
0.873937, 0.38414
0.875, 0.402352
0.875, 0.402352
0.875937, 0.393251
0.875937, 0.38414
0.875937, 0.402352
0.876937, 0.393251
0.876937, 0.402352
0.877937, 0.393251
0.877937, 0.393251
0.878938, 0.393251
0.878938, 0.402352
0.878938, 0.402352
0.88, 0.402352
0.88, 0.393251
0.880937, 0.393251
0.880937, 0.393251
0.880937, 0.393251
0.881938, 0.402352
0.881938, 0.402352
0.882937, 0.393251
0.882937, 0.38414
0.883937, 0.402352
0.883937, 0.402352
0.883937, 0.402352
0.885, 0.402352
0.885, 0.393251
0.885938, 0.393251
0.885938, 0.402352
0.885938, 0.402352
0.886937, 0.393251
0.886937, 0.393251
0.888, 0.402352
0.888, 0.393251
0.888937, 0.402352
0.888937, 0.402352
0.888937, 0.393251
0.889937, 0.402352
0.889937, 0.402352
0.890937, 0.402352
0.890937, 0.402352
0.890937, 0.402352
0.891937, 0.402352
0.891937, 0.393251
0.893, 0.402352
0.893, 0.402352
0.893937, 0.393251
0.893937, 0.402352
0.893937, 0.402352
0.894938, 0.420559
0.894938, 0.393251
0.895937, 0.38414
0.895937, 0.402352
0.895937, 0.402352
0.896937, 0.38414
0.896937, 0.393251
0.898, 0.402352
0.898, 0.402352
0.898, 0.402352
0.898937, 0.402352
0.898937, 0.393251
0.899937, 0.402352
0.899937, 0.402352
0.901, 0.393251
0.901, 0.402352
0.901, 0.402352
0.901937, 0.402352
0.901937, 0.402352
0.902937, 0.402352
0.902937, 0.393251
0.902937, 0.393251
0.903937, 0.402352
0.903937, 0.402352
0.904938, 0.393251
0.904938, 0.393251
0.906, 0.402352
0.906, 0.393251
0.906, 0.402352
0.906937, 0.393251
0.906937, 0.402352
0.907938, 0.402352
0.907938, 0.393251
0.907938, 0.402352
0.908937, 0.402352
0.908937, 0.393251
0.909937, 0.393251
0.909937, 0.402352
0.911, 0.402352
0.911, 0.402352
0.911, 0.402352
0.911938, 0.38414
0.911938, 0.393251
0.912937, 0.402352
0.912937, 0.393251
0.912937, 0.393251
0.914, 0.402352
0.914, 0.393251
0.914937, 0.402352
0.914937, 0.402352
0.915937, 0.38414
0.915937, 0.393251
0.915937, 0.402352
0.916937, 0.38414
0.916937, 0.402352
0.917937, 0.393251
0.917937, 0.38414
0.917937, 0.402352
0.919, 0.393251
0.919, 0.38414
0.919937, 0.393251
0.919937, 0.393251
0.920937, 0.393251
0.920937, 0.393251
0.920937, 0.393251
0.921937, 0.38414
0.921937, 0.402352
0.922937, 0.393251
0.922937, 0.393251
0.922937, 0.402352
0.924, 0.402352
0.924, 0.393251
0.924937, 0.393251
0.924937, 0.402352
0.925937, 0.38414
0.925937, 0.38414
0.925937, 0.402352
0.927, 0.393251
0.927, 0.393251
0.927938, 0.402352
0.927938, 0.402352
0.927938, 0.393251
0.928937, 0.402352
0.928937, 0.393251
0.929937, 0.402352
0.929937, 0.402352
0.930938, 0.38414
0.930938, 0.393251
0.930938, 0.402352
0.932, 0.402352
0.932, 0.393251
0.932937, 0.38414
0.932937, 0.402352
0.932937, 0.402352
0.933937, 0.402352
0.933937, 0.38414
0.934937, 0.420559
0.934937, 0.402352
0.935937, 0.393251
0.935937, 0.393251
0.935937, 0.402352
0.937, 0.402352
0.937, 0.402352
0.937938, 0.393251
0.937938, 0.393251
0.937938, 0.402352
0.938937, 0.402352
0.938937, 0.402352
0.94, 0.393251
0.94, 0.393251
0.940938, 0.393251
0.940938, 0.402352
0.940938, 0.402352
0.941937, 0.393251
0.941937, 0.402352
0.942937, 0.402352
0.942937, 0.38414
0.942937, 0.393251
0.943937, 0.402352
0.943937, 0.393251
0.945, 0.402352
0.945, 0.402352
0.945, 0.393251
0.945937, 0.402352
0.945937, 0.393251
0.946937, 0.393251
0.946937, 0.393251
0.948, 0.393251
0.948, 0.38414
0.948, 0.402352
0.948937, 0.402352
0.948937, 0.393251
0.95, 0.402352
0.95, 0.402352
0.95, 0.402352
0.950937, 0.402352
0.950937, 0.38414
0.951937, 0.393251
0.951937, 0.393251
0.953, 0.402352
0.953, 0.393251
0.953, 0.402352
0.953937, 0.402352
0.953937, 0.402352
0.954937, 0.402352
0.954937, 0.402352
0.954937, 0.393251
0.955937, 0.393251
0.955937, 0.402352
0.956937, 0.402352
0.956937, 0.411458
0.958, 0.402352
0.958, 0.38414
0.958, 0.393251
0.958937, 0.393251
0.958937, 0.393251
0.959937, 0.402352
0.959937, 0.402352
0.959937, 0.402352
0.961, 0.393251
0.961, 0.402352
0.961937, 0.38414
0.961937, 0.38414
0.963, 0.402352
0.963, 0.38414
0.963, 0.393251
0.963938, 0.393251
0.963938, 0.38414
0.964937, 0.402352
0.964937, 0.402352
0.964937, 0.393251
0.966, 0.402352
0.966, 0.402352
0.966937, 0.402352
0.966937, 0.402352
0.967937, 0.393251
0.967937, 0.393251
0.967937, 0.393251
0.968937, 0.402352
0.968937, 0.38414
0.969937, 0.38414
0.969937, 0.393251
0.969937, 0.393251
0.971, 0.393251
0.971, 0.393251
0.971937, 0.402352
0.971937, 0.402352
0.972937, 0.402352
0.972937, 0.402352
0.972937, 0.402352
0.974, 0.393251
0.974, 0.393251
0.974937, 0.402352
0.974937, 0.393251
0.974937, 0.402352
0.976, 0.402352
0.976, 0.393251
0.976937, 0.393251
0.976937, 0.38414
0.977938, 0.393251
0.977938, 0.38414
0.977938, 0.38414
0.979, 0.402352
0.979, 0.393251
0.979937, 0.393251
0.979937, 0.402352
0.979937, 0.402352
0.980937, 0.393251
0.980937, 0.393251
0.981937, 0.393251
0.981937, 0.402352
0.982937, 0.393251
0.982937, 0.402352
0.982937, 0.402352
0.984, 0.393251
0.984, 0.393251
0.984937, 0.393251
0.984937, 0.393251
0.984937, 0.393251
0.985937, 0.38414
0.985937, 0.393251
0.987, 0.38414
0.987, 0.393251
0.987937, 0.393251
0.987937, 0.38414
0.987937, 0.393251
0.988937, 0.393251
0.988937, 0.38414
0.989937, 0.402352
0.989937, 0.393251
0.989937, 0.402352
0.990937, 0.402352
0.990937, 0.393251
0.992, 0.393251
0.992, 0.402352
0.992, 0.38414
0.992937, 0.38414
0.992937, 0.393251
0.993937, 0.402352
0.993937, 0.402352
0.994937, 0.402352
0.994937, 0.393251
0.994937, 0.402352
0.995937, 0.402352
0.995937, 0.402352
0.997, 0.393251
0.997, 0.393251
0.997, 0.402352
0.997937, 0.402352
0.997937, 0.402352
0.998937, 0.393251
0.998937, 0.38414
1.0, 0.393251
1.0, 0.393251
1.0, 0.402352
1.00094, 0.393251
1.00094, 0.402352
1.00194, 0.402352
1.00194, 0.393251
1.00194, 0.393251
1.00294, 0.393251
1.00294, 0.402352
1.00394, 0.393251
1.00394, 0.402352
1.005, 0.402352
1.005, 0.402352
1.005, 0.38414
1.00594, 0.402352
1.00594, 0.393251
1.00694, 0.393251
1.00694, 0.402352
1.00694, 0.393251
1.00794, 0.402352
1.00794, 0.402352
1.00894, 0.402352
1.00894, 0.393251
1.01, 0.38414
1.01, 0.402352
1.01, 0.393251
1.01094, 0.402352
1.01094, 0.402352
1.01194, 0.38414
1.01194, 0.402352
1.01194, 0.402352
1.013, 0.393251
1.013, 0.402352
1.01394, 0.393251
1.01394, 0.393251
1.01494, 0.402352
1.01494, 0.393251
1.01494, 0.38414
1.01594, 0.402352
1.01594, 0.393251
1.01694, 0.402352
1.01694, 0.402352
1.01694, 0.402352
1.018, 0.393251
1.018, 0.402352
1.01894, 0.402352
1.01894, 0.402352
1.01994, 0.393251
1.01994, 0.393251
1.01994, 0.393251
1.02094, 0.402352
1.02094, 0.393251
1.02194, 0.393251
1.02194, 0.402352
1.02194, 0.402352
1.023, 0.402352
1.023, 0.402352
1.02394, 0.402352
1.02394, 0.393251
1.02494, 0.393251
1.02494, 0.402352
1.02494, 0.393251
1.026, 0.402352
1.026, 0.402352
1.02694, 0.38414
1.02694, 0.393251
1.02694, 0.393251
1.02794, 0.393251
1.02794, 0.393251
1.02894, 0.402352
1.02894, 0.393251
1.02994, 0.393251
1.02994, 0.393251
1.02994, 0.402352
1.031, 0.402352
1.031, 0.402352
1.03194, 0.38414
1.03194, 0.402352
1.03194, 0.393251
1.03294, 0.38414
1.03294, 0.38414
1.03394, 0.402352
1.03394, 0.393251
1.03494, 0.393251
1.03494, 0.402352
1.03494, 0.402352
1.036, 0.393251
1.036, 0.402352
1.03694, 0.402352
1.03694, 0.393251
1.03694, 0.393251
1.03794, 0.393251
1.03794, 0.402352
1.039, 0.402352
1.039, 0.402352
1.039, 0.393251
1.03994, 0.393251
1.03994, 0.393251
1.04094, 0.402352
1.04094, 0.393251
1.04194, 0.402352
1.04194, 0.393251
1.04194, 0.38414
1.04294, 0.393251
1.04294, 0.402352
1.044, 0.393251
1.044, 0.402352
1.044, 0.402352
1.04494, 0.402352
1.04494, 0.402352
1.04594, 0.402352
1.04594, 0.402352
1.04694, 0.402352
1.04694, 0.393251
1.04694, 0.393251
1.04794, 0.38414
1.04794, 0.38414
1.049, 0.393251
1.049, 0.393251
1.049, 0.393251
1.04994, 0.402352
1.04994, 0.393251
1.05094, 0.402352
1.05094, 0.402352
1.052, 0.402352
1.052, 0.38414
1.052, 0.402352
1.05294, 0.38414
1.05294, 0.402352
1.05394, 0.38414
1.05394, 0.393251
1.05394, 0.402352
1.05494, 0.402352
1.05494, 0.402352
1.05594, 0.402352
1.05594, 0.402352
1.057, 0.402352
1.057, 0.402352
1.057, 0.402352
1.05794, 0.393251
1.05794, 0.393251
1.05894, 0.402352
1.05894, 0.393251
1.05894, 0.393251
1.05994, 0.402352
1.05994, 0.402352
1.06094, 0.402352
1.06094, 0.393251
1.062, 0.393251
1.062, 0.402352
1.062, 0.402352
1.06294, 0.393251
1.06294, 0.393251
1.06394, 0.393251
1.06394, 0.402352
1.06394, 0.393251
1.065, 0.393251
1.065, 0.393251
1.06594, 0.402352
1.06594, 0.402352
1.06694, 0.402352
1.06694, 0.393251
1.06694, 0.393251
1.06794, 0.393251
1.06794, 0.393251
1.06894, 0.393251
1.06894, 0.402352
1.06894, 0.402352
1.07, 0.393251
1.07, 0.402352
1.07094, 0.402352
1.07094, 0.402352
1.07194, 0.402352
1.07194, 0.38414
1.07194, 0.402352
1.073, 0.393251
1.073, 0.402352
1.07394, 0.393251
1.07394, 0.402352
1.07394, 0.393251
1.075, 0.38414
1.075, 0.402352
1.07594, 0.393251
1.07594, 0.402352
1.07694, 0.411458
1.07694, 0.393251
1.07694, 0.393251
1.078, 0.402352
1.078, 0.393251
1.07894, 0.38414
1.07894, 0.402352
1.07894, 0.393251
1.07994, 0.393251
1.07994, 0.393251
1.08094, 0.393251
1.08094, 0.393251
1.08194, 0.393251
1.08194, 0.402352
1.08194, 0.393251
1.083, 0.38414
1.083, 0.402352
1.08394, 0.393251
1.08394, 0.393251
1.08394, 0.38414
1.08494, 0.402352
1.08494, 0.402352
1.086, 0.402352
1.086, 0.393251
1.086, 0.402352
1.08694, 0.393251
1.08694, 0.393251
1.088, 0.393251
1.088, 0.402352
1.08894, 0.393251
1.08894, 0.393251
1.08894, 0.402352
1.08994, 0.393251
1.08994, 0.402352
1.091, 0.393251
1.091, 0.402352
1.091, 0.393251
1.09194, 0.402352
1.09194, 0.393251
1.09294, 0.393251
1.09294, 0.402352
1.09394, 0.393251
1.09394, 0.402352
1.09394, 0.402352
1.09494, 0.38414
1.09494, 0.402352
1.096, 0.402352
1.096, 0.393251
1.096, 0.393251
1.09694, 0.393251
1.09694, 0.402352
1.09794, 0.38414
1.09794, 0.402352
1.099, 0.393251
1.099, 0.38414
1.099, 0.402352
1.09994, 0.402352
1.09994, 0.38414
1.101, 0.402352
1.101, 0.393251
1.101, 0.393251
1.10194, 0.393251
1.10194, 0.393251
1.10294, 0.38414
1.10294, 0.38414
1.104, 0.393251
1.104, 0.402352
1.104, 0.402352
1.10494, 0.393251
1.10494, 0.393251
1.10594, 0.393251
1.10594, 0.393251
1.10594, 0.393251
1.10694, 0.402352
1.10694, 0.402352
1.10794, 0.393251
1.10794, 0.402352
1.109, 0.393251
1.109, 0.402352
1.109, 0.402352
1.10994, 0.402352
1.10994, 0.402352
1.11094, 0.393251
1.11094, 0.402352
1.11094, 0.393251
1.112, 0.393251
1.112, 0.393251
1.11294, 0.393251
1.11294, 0.402352
1.11394, 0.393251
1.11394, 0.402352
1.11394, 0.402352
1.11494, 0.402352
1.11494, 0.402352
1.11594, 0.393251
1.11594, 0.393251
1.11594, 0.402352
1.117, 0.393251
1.117, 0.402352
1.11794, 0.393251
1.11794, 0.393251
1.11894, 0.393251
1.11894, 0.402352
1.11894, 0.402352
1.11994, 0.402352
1.11994, 0.393251
1.12094, 0.402352
1.12094, 0.393251
1.12094, 0.402352
1.122, 0.393251
1.122, 0.402352
1.12294, 0.393251
1.12294, 0.38414
1.12394, 0.393251
1.12394, 0.402352
1.12394, 0.393251
1.125, 0.393251
1.125, 0.402352
1.12594, 0.393251
1.12594, 0.402352
1.12594, 0.402352
1.12694, 0.393251
1.12694, 0.393251
1.12794, 0.393251
1.12794, 0.393251
1.12894, 0.393251
1.12894, 0.402352
1.12894, 0.393251
1.13, 0.393251
1.13, 0.393251
1.13094, 0.393251
1.13094, 0.393251
1.13094, 0.402352
1.13194, 0.402352
1.13194, 0.402352
1.13294, 0.393251
1.13294, 0.393251
1.13394, 0.393251
1.13394, 0.38414
1.13394, 0.402352
1.135, 0.38414
1.135, 0.393251
1.13594, 0.402352
1.13594, 0.402352
1.13594, 0.38414
1.13694, 0.393251
1.13694, 0.393251
1.138, 0.429665
1.138, 0.393251
1.138, 0.393251
1.13894, 0.393251
1.13894, 0.402352
1.13994, 0.38414
1.13994, 0.393251
1.14094, 0.393251
1.14094, 0.393251
1.14094, 0.38414
1.14194, 0.402352
1.14194, 0.38414
1.143, 0.402352
1.143, 0.402352
1.143, 0.38414
1.14394, 0.393251
1.14394, 0.402352
1.14494, 0.393251
1.14494, 0.393251
1.14594, 0.402352
1.14594, 0.402352
1.14594, 0.393251
1.14694, 0.402352
1.14694, 0.38414
1.148, 0.393251
1.148, 0.402352
1.148, 0.393251
1.14894, 0.402352
1.14894, 0.402352
1.14994, 0.38414
1.14994, 0.393251
1.151, 0.393251
1.151, 0.393251
1.151, 0.402352
1.15194, 0.393251
1.15194, 0.393251
1.15294, 0.38414
1.15294, 0.393251
1.15294, 0.402352
1.15394, 0.393251
1.15394, 0.402352
1.15494, 0.393251
1.15494, 0.38414
1.156, 0.402352
1.156, 0.402352
1.156, 0.402352
1.15694, 0.402352
1.15694, 0.402352
1.15794, 0.393251
1.15794, 0.393251
1.15794, 0.38414
1.15894, 0.402352
1.15894, 0.402352
1.15994, 0.393251
1.15994, 0.38414
1.161, 0.393251
1.161, 0.393251
1.161, 0.402352
1.16194, 0.393251
1.16194, 0.402352
1.16294, 0.38414
1.16294, 0.402352
1.16294, 0.393251
1.164, 0.393251
1.164, 0.402352
1.16494, 0.393251
1.16494, 0.402352
1.16594, 0.402352
1.16594, 0.393251
1.16594, 0.393251
1.16694, 0.402352
1.16694, 0.393251
1.16794, 0.38414
1.16794, 0.393251
1.16794, 0.393251
1.169, 0.393251
1.169, 0.402352
1.16994, 0.402352
1.16994, 0.402352
1.17094, 0.402352
1.17094, 0.393251
1.17094, 0.393251
1.17194, 0.393251
1.17194, 0.402352
1.17294, 0.38414
1.17294, 0.402352
1.17294, 0.393251
1.174, 0.402352
1.174, 0.402352
1.17494, 0.402352
1.17494, 0.402352
1.17594, 0.402352
1.17594, 0.402352
1.17594, 0.402352
1.177, 0.402352
1.177, 0.402352
1.17794, 0.393251
1.17794, 0.393251
1.17794, 0.393251
1.17894, 0.402352
1.17894, 0.402352
1.17994, 0.402352
1.17994, 0.402352
1.18094, 0.393251
1.18094, 0.402352
1.18094, 0.38414
1.182, 0.393251
1.182, 0.393251
1.18294, 0.402352
1.18294, 0.393251
1.18294, 0.393251
1.18394, 0.402352
1.18394, 0.393251
1.18494, 0.393251
1.18494, 0.402352
1.18594, 0.402352
1.18594, 0.402352
1.18594, 0.402352
1.187, 0.402352
1.187, 0.402352
1.18794, 0.38414
1.18794, 0.393251
1.18794, 0.38414
1.18894, 0.402352
1.18894, 0.402352
1.19, 0.393251
1.19, 0.402352
1.19, 0.393251
1.19094, 0.402352
1.19094, 0.393251
1.19194, 0.393251
1.19194, 0.38414
1.19294, 0.402352
1.19294, 0.38414
1.19294, 0.38414
1.19394, 0.402352
1.19394, 0.393251
1.195, 0.393251
1.195, 0.402352
1.195, 0.402352
1.19594, 0.393251
1.19594, 0.402352
1.19694, 0.402352
1.19694, 0.402352
1.198, 0.393251
1.198, 0.402352
1.198, 0.38414
1.19894, 0.402352
1.19894, 0.402352
1.2, 0.393251
1.2, 0.393251
1.2, 0.393251
1.20094, 0.402352
1.20094, 0.402352
1.20194, 0.393251
1.20194, 0.402352
1.203, 0.402352
1.203, 0.393251
1.203, 0.38414
1.20394, 0.393251
1.20394, 0.402352
1.20494, 0.393251
1.20494, 0.402352
1.20494, 0.402352
1.20594, 0.402352
1.20594, 0.402352
1.20694, 0.402352
1.20694, 0.402352
1.208, 0.393251
1.208, 0.393251
1.208, 0.402352
1.20894, 0.393251
1.20894, 0.402352
1.20994, 0.38414
1.20994, 0.393251
1.20994, 0.402352
1.211, 0.402352
1.211, 0.393251
1.21194, 0.402352
1.21194, 0.402352
1.213, 0.393251
1.213, 0.402352
1.213, 0.393251
1.21394, 0.393251
1.21394, 0.402352
1.21494, 0.402352
1.21494, 0.402352
1.21494, 0.402352
1.216, 0.402352
1.216, 0.393251
1.21694, 0.393251
1.21694, 0.393251
1.21794, 0.393251
1.21794, 0.402352
1.21794, 0.393251
1.21894, 0.393251
1.21894, 0.402352
1.21994, 0.393251
1.21994, 0.393251
1.21994, 0.402352
1.221, 0.393251
1.221, 0.38414
1.22194, 0.38414
1.22194, 0.393251
1.22294, 0.393251
1.22294, 0.402352
1.22294, 0.393251
1.224, 0.402352
1.224, 0.393251
1.22494, 0.393251
1.22494, 0.402352
1.22494, 0.402352
1.226, 0.402352
1.226, 0.393251
1.22694, 0.393251
1.22694, 0.402352
1.22794, 0.393251
1.22794, 0.393251
1.22794, 0.393251
1.229, 0.38414
1.229, 0.402352
1.22994, 0.393251
1.22994, 0.38414
1.22994, 0.393251
1.23094, 0.393251
1.23094, 0.402352
1.23194, 0.38414
1.23194, 0.393251
1.23294, 0.402352
1.23294, 0.402352
1.23294, 0.402352
1.234, 0.402352
1.234, 0.393251
1.23494, 0.393251
1.23494, 0.402352
1.23494, 0.402352
1.23594, 0.393251
1.23594, 0.402352
1.237, 0.393251
1.237, 0.393251
1.23794, 0.38414
1.23794, 0.402352
1.23794, 0.38414
1.23894, 0.402352
1.23894, 0.402352
1.23994, 0.402352
1.23994, 0.393251
1.23994, 0.402352
1.24094, 0.402352
1.24094, 0.402352
1.242, 0.402352
1.242, 0.402352
1.242, 0.402352
1.24294, 0.402352
1.24294, 0.393251
1.24394, 0.402352
1.24394, 0.402352
1.24494, 0.393251
1.24494, 0.393251
1.24494, 0.402352
1.24594, 0.393251
1.24594, 0.402352
1.247, 0.402352
1.247, 0.393251
1.247, 0.402352
1.24794, 0.402352
1.24794, 0.393251
1.24894, 0.402352
1.24894, 0.393251
1.25, 0.38414
1.25, 0.402352
1.25, 0.402352
1.25094, 0.402352
1.25094, 0.402352
1.25194, 0.402352
1.25194, 0.393251
1.25194, 0.402352
1.25294, 0.402352
1.25294, 0.393251
1.25394, 0.402352
1.25394, 0.402352
1.255, 0.393251
1.255, 0.402352
1.255, 0.393251
1.25594, 0.393251
1.25594, 0.393251
1.25694, 0.402352
1.25694, 0.393251
1.25694, 0.393251
1.25794, 0.402352
1.25794, 0.402352
1.25894, 0.393251
1.25894, 0.393251
1.26, 0.393251
1.26, 0.402352
1.26, 0.393251
1.26094, 0.402352
1.26094, 0.393251
1.26194, 0.402352
1.26194, 0.402352
1.26194, 0.420559
1.263, 0.393251
1.263, 0.402352
1.26394, 0.402352
1.26394, 0.393251
1.26494, 0.393251
1.26494, 0.393251
1.26494, 0.38414
1.26594, 0.402352
1.26594, 0.38414
1.26694, 0.393251
1.26694, 0.402352
1.26694, 0.393251
1.268, 0.393251
1.268, 0.402352
1.26894, 0.393251
1.26894, 0.402352
1.26994, 0.402352
1.26994, 0.393251
1.26994, 0.402352
1.27094, 0.393251
1.27094, 0.393251
1.27194, 0.393251
1.27194, 0.393251
1.27194, 0.402352
1.273, 0.402352
1.273, 0.402352
1.27394, 0.38414
1.27394, 0.402352
1.27494, 0.402352
1.27494, 0.393251
1.27494, 0.393251
1.276, 0.402352
1.276, 0.402352
1.27694, 0.38414
1.27694, 0.402352
1.27694, 0.393251
1.27794, 0.393251
1.27794, 0.393251
1.27894, 0.393251
1.27894, 0.402352
1.27994, 0.402352
1.27994, 0.402352
1.27994, 0.402352
1.281, 0.402352
1.281, 0.38414
1.28194, 0.393251
1.28194, 0.393251
1.28194, 0.393251
1.28294, 0.393251
1.28294, 0.393251
1.28394, 0.402352
1.28394, 0.402352
1.28494, 0.393251
1.28494, 0.393251
1.28494, 0.402352
1.286, 0.393251
1.286, 0.402352
1.28694, 0.402352
1.28694, 0.393251
1.28694, 0.393251
1.28794, 0.402352
1.28794, 0.393251
1.289, 0.402352
1.289, 0.402352
1.28994, 0.393251
1.28994, 0.402352
1.28994, 0.402352
1.29094, 0.402352
1.29094, 0.393251
1.29194, 0.402352
1.29194, 0.393251
1.29194, 0.402352
1.29294, 0.402352
1.29294, 0.393251
1.294, 0.402352
1.294, 0.402352
1.294, 0.393251
1.29494, 0.402352
1.29494, 0.393251
1.29594, 0.393251
1.29594, 0.402352
1.29694, 0.402352
1.29694, 0.402352
1.29694, 0.402352
1.29794, 0.402352
1.29794, 0.38414
1.299, 0.402352
1.299, 0.393251
1.299, 0.393251
1.29994, 0.420559
1.29994, 0.393251
1.30094, 0.402352
1.30094, 0.38414
1.302, 0.393251
1.302, 0.393251
1.302, 0.402352
1.30294, 0.393251
1.30294, 0.402352
1.30394, 0.402352
1.30394, 0.393251
1.30394, 0.393251
1.30494, 0.402352
1.30494, 0.393251
1.30594, 0.393251
1.30594, 0.393251
1.307, 0.402352
1.307, 0.393251
1.307, 0.393251
1.30794, 0.393251
1.30794, 0.402352
1.30894, 0.402352
1.30894, 0.393251
1.30894, 0.393251
1.30994, 0.393251
1.30994, 0.393251
1.31094, 0.402352
1.31094, 0.402352
1.312, 0.402352
1.312, 0.402352
1.312, 0.393251
1.31294, 0.402352
1.31294, 0.402352
1.31394, 0.402352
1.31394, 0.393251
1.31394, 0.402352
1.315, 0.393251
1.315, 0.393251
1.31594, 0.402352
1.31594, 0.393251
1.31694, 0.393251
1.31694, 0.393251
1.31694, 0.38414
1.31794, 0.402352
1.31794, 0.402352
1.31894, 0.38414
1.31894, 0.402352
1.31894, 0.393251
1.32, 0.402352
1.32, 0.393251
1.32094, 0.402352
1.32094, 0.393251
1.32194, 0.393251
1.32194, 0.402352
1.32194, 0.393251
1.323, 0.402352
1.323, 0.402352
1.32394, 0.38414
1.32394, 0.402352
1.32394, 0.402352
1.325, 0.402352
1.325, 0.393251
1.32594, 0.402352
1.32594, 0.402352
1.32694, 0.38414
1.32694, 0.402352
1.32694, 0.393251
1.328, 0.402352
1.328, 0.402352
1.32894, 0.393251
1.32894, 0.402352
1.32894, 0.402352
1.32994, 0.402352
1.32994, 0.402352
1.33094, 0.402352
1.33094, 0.393251
1.33194, 0.393251
1.33194, 0.402352
1.33194, 0.38414
1.333, 0.402352
1.333, 0.402352
1.33394, 0.393251
1.33394, 0.402352
1.33394, 0.38414
1.33494, 0.402352
1.33494, 0.393251
1.336, 0.402352
1.336, 0.393251
1.33694, 0.402352
1.33694, 0.393251
1.33694, 0.402352
1.338, 0.402352
1.338, 0.402352
1.33894, 0.393251
1.33894, 0.393251
1.33894, 0.38414
1.33994, 0.402352
1.33994, 0.402352
1.341, 0.393251
1.341, 0.420559
1.341, 0.38414
1.34194, 0.402352
1.34194, 0.402352
1.34294, 0.402352
1.34294, 0.402352
1.34394, 0.402352
1.34394, 0.393251
1.34394, 0.393251
1.34494, 0.402352
1.34494, 0.402352
1.346, 0.402352
1.346, 0.393251
1.346, 0.393251
1.34694, 0.393251
1.34694, 0.402352
1.34794, 0.393251
1.34794, 0.393251
1.349, 0.402352
1.349, 0.393251
1.349, 0.393251
1.34994, 0.393251
1.34994, 0.402352
1.351, 0.402352
1.351, 0.393251
1.351, 0.38414
1.35194, 0.402352
1.35194, 0.38414
1.35294, 0.402352
1.35294, 0.393251
1.354, 0.38414
1.354, 0.402352
1.354, 0.402352
1.35494, 0.393251
1.35494, 0.38414
1.35594, 0.393251
1.35594, 0.393251
1.35594, 0.393251
1.35694, 0.38414
1.35694, 0.38414
1.35794, 0.402352
1.35794, 0.393251
1.359, 0.393251
1.359, 0.402352
1.359, 0.402352
1.35994, 0.393251
1.35994, 0.402352
1.36094, 0.402352
1.36094, 0.393251
1.36094, 0.402352
1.362, 0.402352
1.362, 0.38414
1.36294, 0.393251
1.36294, 0.393251
1.36394, 0.393251
1.36394, 0.393251
1.36394, 0.393251
1.36494, 0.393251
1.36494, 0.402352
1.36594, 0.402352
1.36594, 0.38414
1.36594, 0.402352
1.367, 0.393251
1.367, 0.38414
1.36794, 0.402352
1.36794, 0.402352
1.36894, 0.38414
1.36894, 0.402352
1.36894, 0.393251
1.36994, 0.393251
1.36994, 0.402352
1.37094, 0.402352
1.37094, 0.38414
1.37094, 0.393251
1.372, 0.393251
1.372, 0.38414
1.37294, 0.402352
1.37294, 0.393251
1.37394, 0.38414
1.37394, 0.402352
1.37394, 0.402352
1.375, 0.38414
1.375, 0.393251
1.37594, 0.393251
1.37594, 0.38414
1.37594, 0.402352
1.37694, 0.393251
1.37694, 0.38414
1.37794, 0.402352
1.37794, 0.402352
1.37894, 0.393251
1.37894, 0.402352
1.37894, 0.402352
1.38, 0.38414
1.38, 0.393251
1.38094, 0.402352
1.38094, 0.402352
1.38094, 0.402352
1.38194, 0.402352
1.38194, 0.393251
1.38294, 0.402352
1.38294, 0.393251
1.38394, 0.402352
1.38394, 0.393251
1.38394, 0.402352
1.385, 0.393251
1.385, 0.402352
1.38594, 0.402352
1.38594, 0.393251
1.38594, 0.38414
1.38694, 0.393251
1.38694, 0.393251
1.388, 0.393251
1.388, 0.393251
1.388, 0.402352
1.38894, 0.393251
1.38894, 0.38414
1.38994, 0.393251
1.38994, 0.402352
1.39094, 0.402352
1.39094, 0.402352
1.39094, 0.402352
1.39194, 0.38414
1.39194, 0.393251
1.393, 0.393251
1.393, 0.38414
1.393, 0.393251
1.39394, 0.402352
1.39394, 0.402352
1.39494, 0.402352
1.39494, 0.393251
1.39594, 0.393251
1.39594, 0.420559
1.39594, 0.402352
1.39694, 0.402352
1.39694, 0.402352
1.398, 0.402352
1.398, 0.38414
1.398, 0.393251
1.39894, 0.393251
1.39894, 0.393251
1.39994, 0.393251
1.39994, 0.393251
1.401, 0.393251
1.401, 0.393251
1.401, 0.402352
1.40194, 0.393251
1.40194, 0.402352
1.40294, 0.402352
1.40294, 0.402352
1.40294, 0.393251
1.40394, 0.393251
1.40394, 0.402352
1.40494, 0.393251
1.40494, 0.402352
1.406, 0.393251
1.406, 0.393251
1.406, 0.393251
1.40694, 0.393251
1.40694, 0.38414
1.40794, 0.402352
1.40794, 0.393251
1.40794, 0.393251
1.40894, 0.393251
1.40894, 0.402352
1.40994, 0.38414
1.40994, 0.402352
1.411, 0.402352
1.411, 0.38414
1.411, 0.402352
1.41194, 0.402352
1.41194, 0.38414
1.41294, 0.402352
1.41294, 0.402352
1.41294, 0.393251
1.414, 0.402352
1.414, 0.393251
1.41494, 0.38414
1.41494, 0.402352
1.41594, 0.402352
1.41594, 0.402352
1.41594, 0.402352
1.41694, 0.402352
1.41694, 0.38414
1.41794, 0.402352
1.41794, 0.393251
1.41794, 0.38414
1.419, 0.402352
1.419, 0.393251
1.41994, 0.38414
1.41994, 0.402352
1.42094, 0.402352
1.42094, 0.402352
1.42094, 0.402352
1.42194, 0.393251
1.42194, 0.38414
1.42294, 0.402352
1.42294, 0.393251
1.42294, 0.402352
1.424, 0.402352
1.424, 0.402352
1.42494, 0.393251
1.42494, 0.402352
1.42594, 0.402352
1.42594, 0.38414
1.42594, 0.402352
1.427, 0.402352
1.427, 0.393251
1.42794, 0.393251
1.42794, 0.402352
1.42794, 0.393251
1.42894, 0.402352
1.42894, 0.393251
1.42994, 0.393251
1.42994, 0.402352
1.43094, 0.393251
1.43094, 0.393251
1.43094, 0.393251
1.432, 0.402352
1.432, 0.38414
1.43294, 0.402352
1.43294, 0.402352
1.43294, 0.393251
1.43394, 0.402352
1.43394, 0.393251
1.43494, 0.402352
1.43494, 0.393251
1.43594, 0.402352
1.43594, 0.393251
1.43594, 0.402352
1.437, 0.393251
1.437, 0.402352
1.43794, 0.402352
1.43794, 0.393251
1.43794, 0.402352
1.43894, 0.402352
1.43894, 0.38414
1.44, 0.402352
1.44, 0.402352
1.44, 0.402352
1.44094, 0.402352
1.44094, 0.38414
1.44194, 0.393251
1.44194, 0.402352
1.44294, 0.402352
1.44294, 0.402352
1.44294, 0.402352
1.44394, 0.402352
1.44394, 0.402352
1.445, 0.393251
1.445, 0.393251
1.445, 0.393251
1.44594, 0.402352
1.44594, 0.402352
1.44694, 0.393251
1.44694, 0.402352
1.448, 0.38414
1.448, 0.402352
1.448, 0.38414
1.44894, 0.38414
1.44894, 0.38414
1.45, 0.402352
1.45, 0.402352
1.45, 0.402352
1.45094, 0.393251
1.45094, 0.402352
1.45194, 0.402352
1.45194, 0.393251
1.453, 0.393251
1.453, 0.402352
1.453, 0.393251
1.45394, 0.402352
1.45394, 0.402352
1.45494, 0.402352
1.45494, 0.393251
1.45494, 0.38414
1.45594, 0.393251
1.45594, 0.402352
1.45694, 0.393251
1.45694, 0.38414
1.458, 0.393251
1.458, 0.402352
1.458, 0.393251
1.45894, 0.402352
1.45894, 0.402352
1.45994, 0.393251
1.45994, 0.402352
1.45994, 0.402352
1.461, 0.393251
1.461, 0.38414
1.46194, 0.402352
1.46194, 0.38414
1.463, 0.402352
1.463, 0.402352
1.463, 0.402352
1.46394, 0.393251
1.46394, 0.402352
1.46494, 0.38414
1.46494, 0.402352
1.46494, 0.402352
1.466, 0.38414
1.466, 0.393251
1.46694, 0.393251
1.46694, 0.393251
1.46794, 0.393251
1.46794, 0.402352
1.46794, 0.38414
1.46894, 0.402352
1.46894, 0.393251
1.46994, 0.38414
1.46994, 0.393251
1.46994, 0.402352
1.471, 0.393251
1.471, 0.402352
1.47194, 0.393251
1.47194, 0.38414
1.47294, 0.393251
1.47294, 0.402352
1.47294, 0.393251
1.474, 0.402352
1.474, 0.402352
1.47494, 0.393251
1.47494, 0.38414
1.47494, 0.402352
1.476, 0.38414
1.476, 0.38414
1.47694, 0.393251
1.47694, 0.393251
1.47794, 0.402352
1.47794, 0.402352
1.47794, 0.393251
1.479, 0.393251
1.479, 0.402352
1.47994, 0.402352
1.47994, 0.38414
1.47994, 0.402352
1.48094, 0.393251
1.48094, 0.402352
1.48194, 0.402352
1.48194, 0.393251
1.48294, 0.393251
1.48294, 0.393251
1.48294, 0.402352
1.484, 0.393251
1.484, 0.393251
1.48494, 0.38414
1.48494, 0.402352
1.48494, 0.393251
1.48594, 0.393251
1.48594, 0.402352
1.487, 0.393251
1.487, 0.402352
1.487, 0.393251
1.48794, 0.393251
1.48794, 0.393251
1.48894, 0.393251
1.48894, 0.393251
1.48994, 0.402352
1.48994, 0.393251
1.48994, 0.393251
1.49094, 0.393251
1.49094, 0.402352
1.492, 0.393251
1.492, 0.393251
1.492, 0.402352
1.49294, 0.393251
1.49294, 0.402352
1.49394, 0.393251
1.49394, 0.38414
1.49494, 0.402352
1.49494, 0.402352
1.49494, 0.402352
1.49594, 0.393251
1.49594, 0.402352
1.497, 0.393251
1.497, 0.393251
1.497, 0.393251
1.49794, 0.38414
1.49794, 0.402352
1.49894, 0.402352
1.49894, 0.393251
1.5, 0.393251
1.5, 0.402352
1.5, 0.402352
1.50094, 0.402352
1.50094, 0.402352
1.50194, 0.393251
1.50194, 0.402352
1.50194, 0.402352
1.50294, 0.38414
1.50294, 0.402352
1.50394, 0.402352
1.50394, 0.393251
1.505, 0.402352
1.505, 0.402352
1.505, 0.402352
1.50594, 0.402352
1.50594, 0.402352
1.50694, 0.393251
1.50694, 0.38414
1.50694, 0.402352
1.50794, 0.393251
1.50794, 0.393251
1.50894, 0.402352
1.50894, 0.393251
1.51, 0.402352
1.51, 0.402352
1.51, 0.402352
1.51094, 0.402352
1.51094, 0.38414
1.51194, 0.393251
1.51194, 0.402352
1.51194, 0.393251
1.513, 0.393251
1.513, 0.393251
1.51394, 0.393251
1.51394, 0.402352
1.51494, 0.402352
1.51494, 0.402352
1.51494, 0.402352
1.51594, 0.393251
1.51594, 0.402352
1.51694, 0.402352
1.51694, 0.402352
1.51694, 0.402352
1.518, 0.402352
1.518, 0.402352
1.51894, 0.393251
1.51894, 0.402352
1.51994, 0.402352
1.51994, 0.393251
1.51994, 0.402352
1.52094, 0.393251
1.52094, 0.393251
1.52194, 0.402352
1.52194, 0.393251
1.52194, 0.402352
1.523, 0.402352
1.523, 0.402352
1.52394, 0.402352
1.52394, 0.402352
1.52494, 0.402352
1.52494, 0.402352
1.52494, 0.402352
1.526, 0.393251
1.526, 0.402352
1.52694, 0.393251
1.52694, 0.393251
1.52694, 0.402352
1.52794, 0.402352
1.52794, 0.402352
1.52894, 0.402352
1.52894, 0.402352
1.52994, 0.393251
1.52994, 0.393251
1.52994, 0.402352
1.531, 0.38414
1.531, 0.402352
1.53194, 0.402352
1.53194, 0.393251
1.53194, 0.402352
1.53294, 0.393251
1.53294, 0.393251
1.53394, 0.393251
1.53394, 0.393251
1.53494, 0.402352
1.53494, 0.393251
1.53494, 0.38414
1.536, 0.402352
1.536, 0.402352
1.53694, 0.393251
1.53694, 0.402352
1.53694, 0.402352
1.53794, 0.393251
1.53794, 0.402352
1.539, 0.402352
1.539, 0.393251
1.539, 0.393251
1.53994, 0.402352
1.53994, 0.402352
1.54094, 0.402352
1.54094, 0.38414
1.54194, 0.38414
1.54194, 0.393251
1.54194, 0.393251
1.54294, 0.393251
1.54294, 0.38414
1.544, 0.393251
1.544, 0.393251
1.544, 0.402352
1.54494, 0.393251
1.54494, 0.393251
1.54594, 0.411458
1.54594, 0.393251
1.54694, 0.393251
1.54694, 0.393251
1.54694, 0.402352
1.54794, 0.38414
1.54794, 0.393251
1.549, 0.402352
1.549, 0.402352
1.549, 0.402352
1.54994, 0.402352
1.54994, 0.38414
1.55094, 0.38414
1.55094, 0.38414
1.552, 0.393251
1.552, 0.402352
1.552, 0.393251
1.55294, 0.38414
1.55294, 0.38414
1.55394, 0.393251
1.55394, 0.402352
1.55394, 0.402352
1.55494, 0.38414
1.55494, 0.393251
1.55594, 0.38414
1.55594, 0.402352
1.557, 0.393251
1.557, 0.393251
1.557, 0.393251
1.55794, 0.402352
1.55794, 0.402352
1.55894, 0.402352
1.55894, 0.402352
1.55894, 0.402352
1.55994, 0.393251
1.55994, 0.402352
1.56094, 0.38414
1.56094, 0.38414
1.562, 0.402352
1.562, 0.38414
1.562, 0.402352
1.56294, 0.402352
1.56294, 0.393251
1.56394, 0.38414
1.56394, 0.402352
1.56394, 0.402352
1.565, 0.393251
1.565, 0.402352
1.56594, 0.393251
1.56594, 0.402352
1.56694, 0.393251
1.56694, 0.393251
1.56694, 0.402352
1.56794, 0.393251
1.56794, 0.393251
1.56894, 0.393251
1.56894, 0.393251
1.56894, 0.402352
1.57, 0.402352
1.57, 0.402352
1.57094, 0.393251
1.57094, 0.402352
1.57194, 0.38414
1.57194, 0.393251
1.57194, 0.402352
1.573, 0.393251
1.573, 0.393251
1.57394, 0.402352
1.57394, 0.38414
1.57394, 0.402352
1.575, 0.393251
1.575, 0.393251
1.57594, 0.402352
1.57594, 0.402352
1.57694, 0.393251
1.57694, 0.393251
1.57694, 0.402352
1.578, 0.402352
1.578, 0.393251
1.57894, 0.393251
1.57894, 0.393251
1.57894, 0.402352
1.57994, 0.402352
1.57994, 0.393251
1.58094, 0.402352
1.58094, 0.393251
1.58194, 0.393251
1.58194, 0.402352
1.58194, 0.393251
1.583, 0.402352
1.583, 0.402352
1.58394, 0.393251
1.58394, 0.393251
1.58394, 0.402352
1.58494, 0.402352
1.58494, 0.402352
1.586, 0.393251
1.586, 0.402352
1.58694, 0.38414
1.58694, 0.393251
1.58694, 0.393251
1.588, 0.38414
1.588, 0.402352
1.58894, 0.402352
1.58894, 0.38414
1.58894, 0.393251
1.58994, 0.393251
1.58994, 0.38414
1.591, 0.411458
1.591, 0.420559
1.591, 0.393251
1.59194, 0.402352
1.59194, 0.393251
1.59294, 0.393251
1.59294, 0.402352
1.59394, 0.402352
1.59394, 0.393251
1.59394, 0.402352
1.59494, 0.402352
1.59494, 0.393251
1.596, 0.402352
1.596, 0.402352
1.596, 0.393251
1.59694, 0.402352
1.59694, 0.393251
1.59794, 0.393251
1.59794, 0.402352
1.599, 0.402352
1.599, 0.393251
1.599, 0.393251
1.59994, 0.402352
1.59994, 0.393251
1.601, 0.402352
1.601, 0.402352
1.601, 0.393251
1.60194, 0.402352
1.60194, 0.393251
1.60294, 0.393251
1.60294, 0.402352
1.604, 0.402352
1.604, 0.393251
1.604, 0.402352
1.60494, 0.393251
1.60494, 0.38414
1.60594, 0.402352
1.60594, 0.38414
1.60594, 0.393251
1.60694, 0.393251
1.60694, 0.402352
1.60794, 0.393251
1.60794, 0.402352
1.609, 0.393251
1.609, 0.393251
1.609, 0.402352
1.60994, 0.402352
1.60994, 0.402352
1.61094, 0.402352
1.61094, 0.393251
1.61094, 0.402352
1.612, 0.393251
1.612, 0.402352
1.61294, 0.393251
1.61294, 0.402352
1.61394, 0.393251
1.61394, 0.393251
1.61394, 0.402352
1.61494, 0.402352
1.61494, 0.393251
1.61594, 0.393251
1.61594, 0.393251
1.61594, 0.393251
1.617, 0.393251
1.617, 0.402352
1.61794, 0.402352
1.61794, 0.393251
1.61894, 0.402352
1.61894, 0.402352
1.61894, 0.393251
1.61994, 0.402352
1.61994, 0.393251
1.62094, 0.393251
1.62094, 0.38414
1.62094, 0.402352
1.622, 0.38414
1.622, 0.393251
1.62294, 0.402352
1.62294, 0.402352
1.62394, 0.402352
1.62394, 0.402352
1.62394, 0.402352
1.625, 0.38414
1.625, 0.402352
1.62594, 0.393251
1.62594, 0.402352
1.62594, 0.402352
1.62694, 0.38414
1.62694, 0.393251
1.62794, 0.402352
1.62794, 0.393251
1.62894, 0.393251
1.62894, 0.393251
1.62894, 0.393251
1.63, 0.38414
1.63, 0.402352
1.63094, 0.393251
1.63094, 0.393251
1.63094, 0.38414
1.63194, 0.393251
1.63194, 0.402352
1.63294, 0.402352
1.63294, 0.402352
1.63394, 0.402352
1.63394, 0.393251
1.63394, 0.38414
1.635, 0.402352
1.635, 0.393251
1.63594, 0.402352
1.63594, 0.402352
1.63594, 0.402352
1.63694, 0.402352
1.63694, 0.393251
1.638, 0.402352
1.638, 0.402352
1.63894, 0.393251
1.63894, 0.38414
1.63894, 0.393251
1.63994, 0.393251
1.63994, 0.393251
1.64094, 0.402352
1.64094, 0.393251
1.64094, 0.393251
1.64194, 0.402352
1.64194, 0.393251
1.643, 0.393251
1.643, 0.393251
1.643, 0.393251
1.64394, 0.393251
1.64394, 0.402352
1.64494, 0.393251
1.64494, 0.393251
1.64594, 0.393251
1.64594, 0.402352
1.64594, 0.38414
1.64694, 0.402352
1.64694, 0.393251
1.648, 0.393251
1.648, 0.402352
1.648, 0.393251
1.64894, 0.402352
1.64894, 0.393251
1.64994, 0.393251
1.64994, 0.402352
1.651, 0.402352
1.651, 0.393251
1.651, 0.393251
1.65194, 0.402352
1.65194, 0.393251
1.65294, 0.393251
1.65294, 0.402352
1.65294, 0.402352
1.65394, 0.393251
1.65394, 0.393251
1.65494, 0.402352
1.65494, 0.402352
1.656, 0.38414
1.656, 0.402352
1.656, 0.393251
1.65694, 0.38414
1.65694, 0.393251
1.65794, 0.402352
1.65794, 0.402352
1.65794, 0.402352
1.65894, 0.402352
1.65894, 0.393251
1.65994, 0.393251
1.65994, 0.402352
1.661, 0.393251
1.661, 0.402352
1.661, 0.393251
1.66194, 0.393251
1.66194, 0.393251
1.66294, 0.402352
1.66294, 0.393251
1.66294, 0.402352
1.664, 0.402352
1.664, 0.402352
1.66494, 0.402352
1.66494, 0.393251
1.66594, 0.402352
1.66594, 0.393251
1.66594, 0.393251
1.66694, 0.38414
1.66694, 0.393251
1.66794, 0.402352
1.66794, 0.393251
1.66794, 0.393251
1.669, 0.402352
1.669, 0.402352
1.66994, 0.402352
1.66994, 0.402352
1.67094, 0.393251
1.67094, 0.393251
1.67094, 0.393251
1.67194, 0.38414
1.67194, 0.393251
1.67294, 0.402352
1.67294, 0.393251
1.67294, 0.402352
1.674, 0.402352
1.674, 0.393251
1.67494, 0.402352
1.67494, 0.393251
1.67594, 0.393251
1.67594, 0.393251
1.67594, 0.402352
1.677, 0.393251
1.677, 0.393251
1.67794, 0.393251
1.67794, 0.402352
1.67794, 0.393251
1.67894, 0.402352
1.67894, 0.402352
1.67994, 0.402352
1.67994, 0.393251
1.68094, 0.393251
1.68094, 0.402352
1.68094, 0.402352
1.682, 0.402352
1.682, 0.402352
1.68294, 0.393251
1.68294, 0.402352
1.68294, 0.402352
1.68394, 0.393251
1.68394, 0.402352
1.68494, 0.402352
1.68494, 0.402352
1.68594, 0.402352
1.68594, 0.402352
1.68594, 0.393251
1.687, 0.402352
1.687, 0.402352
1.68794, 0.402352
1.68794, 0.402352
1.68794, 0.402352
1.68894, 0.38414
1.68894, 0.402352
1.69, 0.402352
1.69, 0.393251
1.69, 0.402352
1.69094, 0.402352
1.69094, 0.38414
1.69194, 0.38414
1.69194, 0.402352
1.69294, 0.402352
1.69294, 0.402352
1.69294, 0.402352
1.69394, 0.393251
1.69394, 0.402352
1.695, 0.402352
1.695, 0.402352
1.695, 0.393251
1.69594, 0.402352
1.69594, 0.38414
1.69694, 0.402352
1.69694, 0.393251
1.698, 0.393251
1.698, 0.402352
1.698, 0.393251
1.69894, 0.402352
1.69894, 0.402352
1.7, 0.402352
1.7, 0.402352
1.7, 0.402352
1.70094, 0.402352
1.70094, 0.393251
1.70194, 0.393251
1.70194, 0.393251
1.703, 0.38414
1.703, 0.393251
1.703, 0.402352
1.70394, 0.402352
1.70394, 0.393251
1.70494, 0.402352
1.70494, 0.38414
1.70494, 0.402352
1.70594, 0.402352
1.70594, 0.393251
1.70694, 0.402352
1.70694, 0.402352
1.708, 0.393251
1.708, 0.402352
1.708, 0.402352
1.70894, 0.402352
1.70894, 0.402352
1.70994, 0.393251
1.70994, 0.402352
1.70994, 0.402352
1.711, 0.393251
1.711, 0.402352
1.71194, 0.402352
1.71194, 0.38414
1.713, 0.38414
1.713, 0.402352
1.713, 0.393251
1.71394, 0.402352
1.71394, 0.393251
1.71494, 0.402352
