Current Data
0.001, 0.711891
0.013, 0.693679
0.024, 0.711891
0.035, 0.711891
0.046, 0.711891
0.057, 0.693679
0.068, 0.711891
0.079, 0.711891
0.0895, 0.693679
0.1, 0.711891
0.1105, 0.711891
0.121, 0.693679
0.1315, 0.711891
0.142, 0.702785
0.1525, 0.711891
0.163, 0.711891
0.1735, 0.693679
0.184, 0.693679
0.1945, 0.693679
0.205, 0.702785
0.2155, 0.693679
0.226, 0.702785
0.2365, 0.693679
0.247, 0.693679
0.2575, 0.693679
0.268, 0.693679
0.2785, 0.693679
0.289, 0.711891
0.2995, 0.693679
0.31, 0.693679
0.3205, 0.693679
0.331, 0.702785
0.3415, 0.711891
0.352, 0.702785
0.3625, 0.711891
0.373, 0.702785
0.3835, 0.693679
0.394, 0.702785
0.4045, 0.711891
0.415, 0.711891
0.4255, 0.711891
0.436, 0.711891
0.4465, 0.702785
0.457, 0.702785
0.4675, 0.711891
0.478, 0.693679
0.4885, 0.693679
0.499, 0.711891
0.5095, 0.711891
0.52, 0.711891
0.5305, 0.711891
0.541, 0.711891
0.5515, 0.702785
0.562, 0.702785
0.5725, 0.693679
0.583, 0.711891
0.5935, 0.693679
0.604, 0.693679
0.6145, 0.702785
0.625, 0.702785
0.6355, 0.702785
0.646, 0.693679
0.6565, 0.693679
0.667, 0.693679
0.6775, 0.711891
0.689, 0.693679
0.7, 0.711891
0.711, 0.702785
0.722, 0.693679
0.733, 0.702785
0.744, 0.693679
0.755, 0.693679
0.766, 0.684578
0.7775, 0.693679
0.788, 0.693679
0.7985, 0.693679
0.809, 0.702785
0.8195, 0.711891
0.83, 0.693679
0.8405, 0.693679
0.851, 0.693679
0.8615, 0.693679
0.872, 0.693679
0.8825, 0.702785
0.893, 0.693679
0.9035, 0.693679
0.914, 0.693679
0.9245, 0.693679
0.935, 0.693679
0.9455, 0.693679
0.956, 0.693679
0.9665, 0.693679
0.977, 0.702785
0.9875, 0.693679
0.998, 0.693679
1.0085, 0.711891
1.019, 0.702785
1.0295, 0.693679
1.04, 0.693679
1.0505, 0.711891
1.061, 0.711891
1.0715, 0.711891
1.082, 0.702785
1.0925, 0.711891
1.103, 0.711891
1.1135, 0.702785
1.124, 0.711891
1.1345, 0.702785
1.145, 0.711891
1.1555, 0.711891
1.166, 0.711891
1.1765, 0.702785
1.187, 0.711891
1.1975, 0.702785
1.208, 0.711891
1.2185, 0.702785
1.229, 0.711891
1.2395, 0.711891
1.25, 0.711891
1.2605, 0.711891
1.271, 0.711891
1.2815, 0.711891
1.292, 0.711891
1.3025, 0.711891
1.313, 0.693679
1.3235, 0.702785
1.334, 0.693679
1.3445, 0.702785
1.355, 0.702785
1.367, 0.693679
1.378, 0.693679
1.389, 0.711891
1.4, 0.711891
1.411, 0.711891
1.422, 0.702785
1.433, 0.702785
1.4445, 0.693679
1.455, 0.693679
1.4655, 0.702785
1.476, 0.711891
1.4865, 0.693679
1.497, 0.702785
1.5075, 0.711891
1.518, 0.702785
1.5285, 0.693679
1.539, 0.711891
1.5495, 0.702785
1.56, 0.702785
1.5705, 0.702785
1.581, 0.711891
1.5915, 0.711891
1.602, 0.711891
1.6125, 0.702785
1.623, 0.693679
1.6335, 0.693679
1.644, 0.711891
1.6545, 0.702785
1.665, 0.711891
1.6755, 0.711891
1.686, 0.702785
1.6965, 0.711891
1.707, 0.711891
1.7175, 0.711891
1.728, 0.702785
1.7385, 0.711891
1.749, 0.693679
1.7595, 0.702785
1.77, 0.702785
1.7805, 0.693679
1.791, 0.702785
1.8015, 0.711891
1.812, 0.702785
1.8225, 0.711891
1.833, 0.693679
1.8435, 0.693679
1.854, 0.711891
1.8645, 0.711891
1.875, 0.702785
1.8855, 0.693679
1.896, 0.702785
1.9065, 0.693679
1.917, 0.693679
1.9275, 0.693679
1.938, 0.702785
1.9485, 0.693679
1.959, 0.711891
1.9695, 0.693679
1.98, 0.693679
1.9905, 0.693679
2.001, 0.693679
2.012, 0.693679
2.023, 0.693679
2.034, 0.693679
2.045, 0.702785
2.056, 0.693679
2.067, 0.693679
2.078, 0.693679
2.0895, 0.702785
2.1, 0.693679
2.1105, 0.693679
2.121, 0.693679
2.1315, 0.684578
2.142, 0.702785
2.1525, 0.711891
2.163, 0.693679
2.1735, 0.693679
2.184, 0.693679
2.1945, 0.702785
2.205, 0.702785
2.2155, 0.693679
2.226, 0.711891
2.2365, 0.693679
2.247, 0.711891
2.2575, 0.702785
2.268, 0.702785
2.2785, 0.693679
2.289, 0.702785
2.2995, 0.711891
2.31, 0.693679
2.3205, 0.702785
2.331, 0.711891
2.3415, 0.693679
2.352, 0.702785
2.3625, 0.702785
2.373, 0.711891
2.3835, 0.702785
2.394, 0.702785
2.4045, 0.702785
2.415, 0.711891
2.4255, 0.711891
2.436, 0.720992
2.4465, 0.702785
2.457, 0.711891
2.4675, 0.702785
2.478, 0.711891
2.4885, 0.711891
2.499, 0.702785
2.5095, 0.693679
2.52, 0.702785
2.5305, 0.711891
2.541, 0.702785
2.5515, 0.693679
2.562, 0.711891
2.5725, 0.702785
2.583, 0.702785
2.5935, 0.711891
2.604, 0.702785
2.6145, 0.711891
2.625, 0.711891
2.6355, 0.711891
2.646, 0.702785
2.6565, 0.693679
2.667, 0.711891
2.6775, 0.702785
2.688, 0.693679
2.6985, 0.693679
2.71, 0.702785
2.721, 0.693679
2.732, 0.711891
2.743, 0.702785
2.754, 0.702785
2.765, 0.693679
2.776, 0.702785
2.787, 0.693679
2.7985, 0.693679
2.809, 0.693679
2.8195, 0.702785
2.83, 0.702785
2.8405, 0.711891
2.851, 0.711891
2.8615, 0.702785
2.872, 0.711891
2.8825, 0.702785
2.893, 0.702785
2.9035, 0.711891
2.914, 0.711891
2.9245, 0.711891
2.935, 0.693679
2.9455, 0.702785
2.956, 0.711891
2.9665, 0.702785
2.977, 0.702785
2.9875, 0.693679
2.998, 0.702785
3.0085, 0.693679
3.019, 0.711891
3.0295, 0.711891
3.04, 0.711891
3.0505, 0.702785
3.061, 0.693679
3.0715, 0.711891
3.082, 0.711891
3.0925, 0.693679
3.103, 0.693679
3.1135, 0.693679
3.124, 0.693679
3.1345, 0.702785
3.145, 0.693679
3.1555, 0.693679
3.166, 0.693679
3.1765, 0.693679
3.187, 0.693679
3.1975, 0.693679
3.208, 0.702785
3.2185, 0.693679
3.229, 0.702785
3.2395, 0.693679
3.25, 0.693679
3.2605, 0.693679
3.271, 0.693679
3.2815, 0.693679
3.292, 0.693679
3.3025, 0.693679
3.313, 0.693679
3.3235, 0.693679
3.334, 0.693679
3.3445, 0.702785
3.355, 0.693679
3.3655, 0.693679
3.376, 0.693679
3.387, 0.702785
3.398, 0.711891
3.409, 0.702785
3.42, 0.693679
3.431, 0.693679
3.442, 0.702785
3.453, 0.711891
3.4645, 0.711891
3.475, 0.693679
3.4855, 0.693679
3.496, 0.702785
3.5065, 0.711891
3.517, 0.711891
3.5275, 0.693679
3.538, 0.711891
3.5485, 0.711891
3.559, 0.702785
3.5695, 0.711891
3.58, 0.711891
3.5905, 0.711891
3.601, 0.711891
3.6115, 0.702785
3.622, 0.711891
3.6325, 0.711891
3.643, 0.711891
3.6535, 0.711891
3.664, 0.711891
3.6745, 0.711891
3.685, 0.702785
3.6955, 0.702785
3.706, 0.702785
3.7165, 0.711891
3.727, 0.702785
3.7375, 0.693679
3.748, 0.702785
3.7585, 0.702785
3.769, 0.711891
3.7795, 0.711891
3.79, 0.693679
3.8005, 0.693679
3.811, 0.693679
3.8215, 0.702785
3.832, 0.693679
3.8425, 0.693679
3.853, 0.702785
3.8635, 0.693679
3.874, 0.702785
3.8845, 0.693679
3.895, 0.693679
3.9055, 0.693679
3.916, 0.711891
3.9265, 0.702785
3.937, 0.711891
3.9475, 0.693679
3.958, 0.702785
3.9685, 0.711891
3.979, 0.693679
3.9895, 0.711891
4.0, 0.711891
4.0105, 0.693679
4.021, 0.711891
4.0315, 0.702785
4.042, 0.711891
4.0525, 0.711891
4.063, 0.711891
4.0735, 0.693679
4.084, 0.702785
4.0945, 0.711891
4.105, 0.711891
4.1155, 0.711891
4.126, 0.711891
4.137, 0.702785
4.148, 0.702785
4.159, 0.711891
4.17, 0.693679
4.181, 0.711891
4.192, 0.693679
4.203, 0.711891
4.2145, 0.702785
4.225, 0.693679
4.2355, 0.711891
4.246, 0.702785
4.2565, 0.693679
4.267, 0.702785
4.2775, 0.711891
4.288, 0.693679
4.2985, 0.693679
4.309, 0.693679
4.3195, 0.693679
4.33, 0.693679
4.3405, 0.693679
4.351, 0.693679
4.3615, 0.702785
4.372, 0.702785
4.3825, 0.693679
4.393, 0.693679
4.4035, 0.693679
4.414, 0.693679
4.4245, 0.693679
4.435, 0.693679
4.4455, 0.693679
4.456, 0.693679
4.4665, 0.693679
4.477, 0.693679
4.4875, 0.693679
4.498, 0.693679
4.5085, 0.693679
4.519, 0.693679
4.5295, 0.693679
4.54, 0.693679
4.5505, 0.702785
4.561, 0.693679
4.5715, 0.693679
4.582, 0.693679
4.5925, 0.693679
4.603, 0.711891
4.6135, 0.711891
4.624, 0.702785
4.6345, 0.693679
4.645, 0.702785
4.6555, 0.711891
4.666, 0.702785
4.6765, 0.711891
4.687, 0.693679
4.6975, 0.711891
4.708, 0.711891
4.7185, 0.711891
4.729, 0.702785
4.7395, 0.711891
4.75, 0.711891
4.7605, 0.711891
4.771, 0.711891
4.7815, 0.711891
4.792, 0.711891
4.8025, 0.711891
4.813, 0.693679
4.8235, 0.711891
4.834, 0.693679
4.8445, 0.711891
4.855, 0.711891
4.8655, 0.711891
4.876, 0.693679
4.887, 0.693679
4.898, 0.711891
4.909, 0.702785
4.92, 0.711891
4.931, 0.711891
4.942, 0.711891
4.953, 0.711891
4.9645, 0.711891
4.975, 0.693679
4.9855, 0.711891
4.996, 0.702785
5.0065, 0.711891
5.017, 0.711891
5.0275, 0.702785
5.038, 0.711891
5.0485, 0.693679
5.059, 0.711891
5.0695, 0.693679
5.08, 0.693679
5.0905, 0.711891
5.101, 0.711891
5.1115, 0.693679
5.122, 0.693679
5.1325, 0.702785
5.143, 0.702785
5.1535, 0.693679
5.164, 0.711891
5.1745, 0.711891
5.185, 0.693679
5.1955, 0.693679
5.206, 0.702785
5.2165, 0.702785
5.227, 0.702785
5.2375, 0.702785
5.248, 0.711891
5.2585, 0.711891
5.269, 0.711891
5.2795, 0.711891
5.29, 0.711891
5.3005, 0.702785
5.311, 0.711891
5.3215, 0.693679
5.332, 0.711891
5.3425, 0.702785
5.353, 0.693679
5.3635, 0.711891
5.374, 0.702785
5.3845, 0.702785
5.395, 0.702785
5.4055, 0.711891
5.417, 0.693679
5.433, 0.711891
5.4445, 0.702785
5.455, 0.711891
5.4655, 0.702785
5.476, 0.693679
5.4865, 0.711891
5.497, 0.693679
5.5075, 0.711891
5.518, 0.693679
5.5285, 0.693679
5.539, 0.702785
5.5495, 0.693679
5.56, 0.693679
5.5705, 0.693679
5.581, 0.693679
5.5915, 0.693679
5.602, 0.702785
5.6125, 0.693679
5.623, 0.693679
5.6335, 0.693679
5.644, 0.693679
5.6545, 0.693679
5.665, 0.693679
5.6755, 0.693679
5.686, 0.693679
5.6965, 0.693679
5.707, 0.693679
5.7175, 0.693679
5.728, 0.693679
5.7385, 0.693679
5.749, 0.693679
5.7595, 0.702785
5.77, 0.693679
5.7805, 0.693679
5.791, 0.693679
5.8015, 0.711891
5.812, 0.702785
5.8225, 0.711891
5.833, 0.693679
5.8435, 0.702785
5.854, 0.702785
5.8645, 0.693679
5.875, 0.702785
5.8855, 0.702785
5.896, 0.711891
5.9065, 0.693679
5.917, 0.702785
5.9275, 0.711891
5.938, 0.711891
5.9485, 0.693679
5.959, 0.711891
5.9695, 0.711891
5.98, 0.711891
5.9905, 0.711891
6.001, 0.693679
6.012, 0.711891
6.023, 0.711891
6.034, 0.711891
6.045, 0.693679
6.056, 0.711891
6.067, 0.711891
6.078, 0.711891
6.0895, 0.702785
6.1, 0.702785
6.1105, 0.693679
6.121, 0.693679
6.1315, 0.702785
6.142, 0.702785
6.1525, 0.711891
6.163, 0.693679
6.1735, 0.711891
6.184, 0.702785
6.1945, 0.693679
6.205, 0.702785
6.2155, 0.693679
6.226, 0.711891
6.2365, 0.693679
6.247, 0.693679
6.2575, 0.693679
6.268, 0.693679
6.2785, 0.693679
6.289, 0.693679
6.2995, 0.693679
6.31, 0.693679
6.3205, 0.693679
6.331, 0.693679
6.3415, 0.702785
6.352, 0.702785
6.3625, 0.702785
6.373, 0.711891
6.3835, 0.693679
6.394, 0.711891
6.4045, 0.702785
6.415, 0.711891
6.4255, 0.711891
6.436, 0.711891
6.4465, 0.693679
6.457, 0.693679
6.4675, 0.711891
6.478, 0.711891
6.4885, 0.702785
6.499, 0.693679
6.5095, 0.711891
6.52, 0.702785
6.5305, 0.702785
6.541, 0.711891
6.5515, 0.693679
6.562, 0.702785
6.5725, 0.693679
6.583, 0.693679
6.5935, 0.693679
6.604, 0.711891
6.6145, 0.711891
6.625, 0.711891
6.6355, 0.693679
6.646, 0.711891
6.6565, 0.711891
6.667, 0.711891
6.6775, 0.702785
6.688, 0.702785
6.6985, 0.702785
6.709, 0.702785
6.7195, 0.693679
6.73, 0.702785
6.7405, 0.693679
6.751, 0.702785
6.762, 0.702785
6.773, 0.702785
6.784, 0.693679
6.795, 0.693679
6.806, 0.693679
6.817, 0.693679
6.828, 0.693679
6.8395, 0.693679
6.85, 0.693679
6.8605, 0.693679
6.871, 0.693679
6.8815, 0.693679
6.892, 0.693679
6.9025, 0.684578
6.913, 0.693679
6.9235, 0.693679
6.934, 0.702785
6.9445, 0.693679
6.955, 0.693679
6.9655, 0.693679
6.976, 0.702785
6.9865, 0.693679
6.997, 0.702785
7.0075, 0.693679
7.018, 0.693679
7.0285, 0.693679
7.039, 0.693679
7.0495, 0.711891
7.06, 0.702785
7.0705, 0.711891
7.081, 0.711891
7.0915, 0.711891
7.102, 0.711891
7.1125, 0.711891
7.123, 0.711891
7.1335, 0.711891
7.144, 0.711891
7.1545, 0.711891
7.165, 0.702785
7.1755, 0.702785
7.186, 0.711891
7.1965, 0.702785
7.207, 0.711891
7.2175, 0.702785
7.228, 0.711891
7.2385, 0.711891
7.249, 0.711891
7.2595, 0.702785
7.27, 0.711891
7.2805, 0.711891
7.291, 0.702785
7.3015, 0.711891
7.312, 0.693679
7.3225, 0.702785
7.333, 0.693679
7.3435, 0.702785
7.354, 0.693679
7.3645, 0.720992
7.375, 0.693679
7.3855, 0.693679
7.396, 0.693679
7.4065, 0.693679
7.417, 0.693679
7.4275, 0.693679
7.438, 0.702785
7.4485, 0.693679
7.459, 0.711891
7.4695, 0.693679
7.48, 0.711891
7.4905, 0.693679
7.501, 0.693679
7.512, 0.693679
7.523, 0.702785
7.534, 0.693679
7.545, 0.711891
7.556, 0.702785
7.567, 0.702785
7.578, 0.693679
7.5895, 0.702785
7.6, 0.711891
7.6105, 0.711891
7.621, 0.702785
7.6315, 0.702785
7.642, 0.711891
7.6525, 0.711891
7.663, 0.693679
7.6735, 0.711891
7.684, 0.693679
7.6945, 0.711891
7.705, 0.711891
7.7155, 0.711891
7.726, 0.711891
7.7365, 0.693679
7.747, 0.693679
7.7575, 0.702785
7.768, 0.711891
7.7785, 0.711891
7.789, 0.702785
7.7995, 0.702785
7.81, 0.702785
7.8205, 0.693679
7.831, 0.702785
7.8415, 0.693679
7.852, 0.702785
7.8625, 0.693679
7.873, 0.693679
7.8835, 0.693679
7.894, 0.711891
7.9045, 0.693679
7.915, 0.693679
7.9255, 0.693679
7.936, 0.693679
7.9465, 0.693679
7.957, 0.693679
7.9675, 0.702785
7.978, 0.693679
7.9885, 0.693679
7.999, 0.693679
8.0095, 0.693679
8.02, 0.693679
8.0305, 0.693679
8.041, 0.693679
8.0515, 0.693679
8.062, 0.693679
8.0725, 0.693679
8.083, 0.693679
8.0935, 0.693679
8.104, 0.693679
8.1145, 0.693679
8.125, 0.693679
8.1355, 0.693679
8.146, 0.693679
8.1565, 0.702785
8.167, 0.693679
8.1775, 0.693679
8.188, 0.711891
8.1985, 0.702785
8.209, 0.702785
8.2195, 0.702785
8.23, 0.711891
8.2405, 0.711891
8.251, 0.693679
8.262, 0.711891
8.273, 0.711891
8.284, 0.711891
8.295, 0.711891
8.306, 0.711891
8.317, 0.711891
8.328, 0.711891
8.3395, 0.702785
8.35, 0.702785
8.3605, 0.711891
8.371, 0.702785
8.3815, 0.711891
8.392, 0.711891
8.4025, 0.711891
8.413, 0.702785
8.4235, 0.702785
8.434, 0.702785
8.4445, 0.702785
8.455, 0.693679
8.4655, 0.702785
8.476, 0.711891
8.4865, 0.711891
8.497, 0.711891
8.5075, 0.711891
8.518, 0.711891
8.5285, 0.693679
8.539, 0.702785
8.5495, 0.711891
8.56, 0.702785
8.5705, 0.711891
8.581, 0.693679
8.5915, 0.693679
8.602, 0.693679
8.6125, 0.711891
8.623, 0.693679
8.6335, 0.693679
8.644, 0.693679
8.6545, 0.711891
8.665, 0.711891
8.6755, 0.711891
8.686, 0.702785
8.6965, 0.693679
8.707, 0.693679
8.7175, 0.711891
8.728, 0.693679
8.7385, 0.693679
8.749, 0.702785
8.7595, 0.702785
8.77, 0.711891
8.7805, 0.711891
8.791, 0.693679
8.8015, 0.702785
8.812, 0.693679
8.8225, 0.702785
8.833, 0.702785
8.8435, 0.711891
8.854, 0.693679
8.8645, 0.693679
8.875, 0.711891
8.8855, 0.711891
8.896, 0.702785
8.9065, 0.693679
8.917, 0.711891
8.9275, 0.711891
8.938, 0.693679
8.9485, 0.702785
8.959, 0.702785
8.9695, 0.711891
8.98, 0.711891
8.9905, 0.693679
9.001, 0.702785
9.012, 0.711891
9.023, 0.711891
9.034, 0.693679
9.045, 0.702785
9.056, 0.693679
9.067, 0.711891
9.078, 0.693679
9.0895, 0.693679
9.1, 0.702785
9.1105, 0.693679
9.121, 0.693679
9.1315, 0.693679
9.142, 0.702785
9.1525, 0.693679
9.163, 0.693679
9.1735, 0.693679
9.184, 0.693679
9.1945, 0.693679
9.205, 0.693679
9.2155, 0.693679
9.226, 0.693679
9.2365, 0.693679
9.247, 0.693679
9.2575, 0.693679
9.268, 0.693679
9.2785, 0.693679
9.289, 0.693679
9.2995, 0.693679
9.31, 0.693679
9.3205, 0.693679
9.331, 0.693679
9.3415, 0.693679
9.352, 0.702785
9.3625, 0.693679
9.373, 0.693679
9.3835, 0.702785
9.394, 0.711891
9.4045, 0.711891
9.415, 0.693679
9.4255, 0.702785
9.436, 0.693679
9.4465, 0.702785
9.457, 0.702785
9.4675, 0.711891
9.478, 0.711891
9.4885, 0.702785
9.499, 0.711891
9.5095, 0.711891
9.52, 0.702785
9.5305, 0.711891
9.541, 0.711891
9.5515, 0.702785
9.562, 0.711891
9.5725, 0.702785
9.583, 0.702785
9.5935, 0.702785
9.604, 0.702785
9.6145, 0.711891
9.625, 0.702785
9.6355, 0.711891
9.646, 0.711891
9.6565, 0.702785
9.667, 0.702785
9.6775, 0.702785
9.688, 0.702785
9.6985, 0.702785
9.709, 0.711891
9.7195, 0.711891
9.73, 0.711891
9.7405, 0.711891
9.751, 0.702785
9.762, 0.711891
9.773, 0.702785
9.784, 0.711891
9.795, 0.702785
9.806, 0.711891
9.817, 0.693679
9.828, 0.702785
9.8395, 0.693679
9.85, 0.693679
9.8605, 0.693679
9.871, 0.693679
9.8815, 0.693679
9.892, 0.693679
9.9025, 0.693679
9.913, 0.693679
9.9235, 0.693679
9.934, 0.693679
9.9445, 0.693679
9.955, 0.711891
9.9655, 0.693679
9.976, 0.711891
9.9865, 0.711891
9.997, 0.711891
10.0075, 0.693679
10.018, 0.711891
10.0285, 0.711891
10.039, 0.711891
10.0495, 0.702785
10.06, 0.711891
10.0705, 0.693679
10.081, 0.702785
10.0915, 0.693679
10.102, 0.720992
10.1125, 0.711891
10.123, 0.702785
10.1335, 0.711891
10.144, 0.711891
10.1545, 0.693679
10.165, 0.702785
10.1755, 0.702785
10.186, 0.702785
10.1965, 0.711891
10.207, 0.693679
10.2175, 0.711891
10.228, 0.702785
10.2385, 0.693679
10.249, 0.711891
10.2595, 0.693679
10.27, 0.711891
10.2805, 0.693679
10.291, 0.693679
10.3015, 0.702785
10.312, 0.693679
10.3225, 0.702785
10.333, 0.693679
10.3435, 0.702785
10.354, 0.693679
10.3645, 0.684578
10.375, 0.693679
10.3855, 0.693679
10.396, 0.693679
10.4065, 0.693679
10.417, 0.693679
10.4275, 0.693679
10.438, 0.693679
10.4485, 0.684578
10.459, 0.684578
10.4695, 0.693679
10.48, 0.711891
10.4905, 0.693679
10.501, 0.693679
10.512, 0.693679
10.523, 0.693679
10.534, 0.693679
10.545, 0.693679
10.556, 0.711891
10.567, 0.711891
10.578, 0.693679
10.5895, 0.693679
10.6, 0.693679
10.6105, 0.702785
10.621, 0.693679
10.6315, 0.702785
10.642, 0.702785
10.6525, 0.693679
10.663, 0.702785
10.6735, 0.711891
10.684, 0.702785
10.6945, 0.702785
10.705, 0.702785
10.7155, 0.711891
10.726, 0.711891
10.7365, 0.711891
10.747, 0.702785
10.7575, 0.702785
10.768, 0.693679
10.7785, 0.711891
10.789, 0.711891
10.7995, 0.711891
10.81, 0.702785
10.8205, 0.702785
10.832, 0.702785
10.8445, 0.693679
10.855, 0.702785
10.8655, 0.711891
10.876, 0.711891
10.887, 0.711891
10.898, 0.702785
10.909, 0.702785
10.92, 0.711891
10.931, 0.711891
10.942, 0.711891
10.953, 0.711891
10.9645, 0.702785
10.975, 0.711891
10.9855, 0.702785
10.996, 0.702785
11.0065, 0.711891
11.017, 0.711891
11.0275, 0.693679
11.038, 0.702785
11.0485, 0.693679
11.059, 0.693679
11.0695, 0.693679
11.08, 0.693679
11.0905, 0.693679
11.101, 0.702785
11.1115, 0.693679
11.122, 0.702785
11.1325, 0.711891
11.143, 0.693679
11.1535, 0.693679
11.164, 0.693679
11.1745, 0.711891
11.185, 0.702785
11.1955, 0.711891
11.206, 0.702785
11.2165, 0.702785
11.227, 0.693679
11.2375, 0.711891
11.248, 0.711891
11.2585, 0.711891
11.269, 0.702785
11.2795, 0.711891
11.29, 0.711891
11.3005, 0.693679
11.311, 0.711891
11.3215, 0.702785
11.332, 0.702785
11.3425, 0.711891
11.353, 0.702785
11.3635, 0.702785
11.374, 0.711891
11.3845, 0.711891
11.395, 0.702785
11.4055, 0.702785
11.416, 0.693679
11.4265, 0.702785
11.437, 0.693679
11.4475, 0.702785
11.458, 0.693679
11.4685, 0.711891
11.479, 0.693679
11.4895, 0.693679
11.5, 0.693679
11.5105, 0.693679
11.521, 0.693679
11.5315, 0.693679
11.542, 0.702785
11.5525, 0.693679
11.563, 0.702785
11.5735, 0.693679
11.584, 0.693679
11.5945, 0.693679
11.605, 0.693679
11.6155, 0.693679
11.626, 0.693679
11.637, 0.693679
11.648, 0.693679
11.659, 0.693679
11.67, 0.684578
11.681, 0.684578
11.692, 0.693679
11.703, 0.693679
11.7145, 0.693679
11.725, 0.693679
11.7355, 0.693679
11.746, 0.693679
11.7565, 0.693679
11.767, 0.693679
11.7775, 0.702785
11.788, 0.702785
11.7985, 0.693679
11.809, 0.693679
11.8195, 0.693679
11.83, 0.711891
11.8405, 0.711891
11.851, 0.702785
11.8615, 0.702785
11.872, 0.693679
11.8825, 0.702785
11.893, 0.702785
11.9035, 0.711891
11.914, 0.702785
11.9245, 0.693679
11.935, 0.720992
11.9455, 0.702785
11.956, 0.702785
11.9665, 0.711891
11.977, 0.711891
11.9875, 0.711891
11.998, 0.693679
12.0085, 0.711891
12.019, 0.711891
12.0295, 0.711891
12.04, 0.693679
12.0505, 0.702785
12.061, 0.702785
12.0715, 0.711891
12.082, 0.702785
12.0925, 0.711891
12.103, 0.702785
12.1135, 0.711891
12.124, 0.702785
12.1345, 0.702785
12.145, 0.711891
12.1555, 0.711891
12.166, 0.711891
12.1765, 0.702785
12.187, 0.702785
12.1975, 0.693679
12.208, 0.693679
12.2185, 0.702785
12.229, 0.702785
12.2395, 0.693679
12.25, 0.693679
12.2605, 0.693679
12.271, 0.702785
12.2815, 0.711891
12.292, 0.693679
12.3025, 0.693679
12.313, 0.693679
12.3235, 0.693679
12.334, 0.711891
12.3445, 0.693679
12.355, 0.702785
12.3655, 0.711891
12.376, 0.693679
12.387, 0.711891
12.398, 0.693679
12.409, 0.693679
12.42, 0.702785
12.431, 0.711891
12.442, 0.702785
12.453, 0.702785
12.4645, 0.702785
12.475, 0.711891
12.4855, 0.711891
12.496, 0.711891
12.5065, 0.711891
12.517, 0.711891
12.5275, 0.702785
12.538, 0.702785
12.5485, 0.702785
12.559, 0.693679
12.5695, 0.702785
12.58, 0.693679
12.5905, 0.711891
12.601, 0.711891
12.6115, 0.702785
12.622, 0.702785
12.6325, 0.693679
12.643, 0.702785
12.6535, 0.711891
12.664, 0.711891
12.6745, 0.711891
12.685, 0.702785
12.6955, 0.693679
12.706, 0.702785
12.7165, 0.693679
12.727, 0.702785
12.7375, 0.693679
12.748, 0.693679
12.7585, 0.693679
12.769, 0.693679
12.7795, 0.693679
12.79, 0.693679
12.8005, 0.693679
12.811, 0.693679
12.8215, 0.693679
12.832, 0.693679
12.8425, 0.693679
12.853, 0.693679
12.8635, 0.693679
12.874, 0.693679
12.8845, 0.693679
12.895, 0.693679
12.9055, 0.693679
12.916, 0.693679
12.9265, 0.693679
12.937, 0.702785
12.9475, 0.693679
12.958, 0.693679
12.9685, 0.693679
12.979, 0.711891
12.9895, 0.711891
13.0, 0.693679
13.0105, 0.693679
13.021, 0.711891
13.0315, 0.693679
13.042, 0.711891
13.0525, 0.702785
13.063, 0.711891
13.0735, 0.702785
13.084, 0.711891
13.0945, 0.702785
13.105, 0.711891
13.1155, 0.711891
13.126, 0.711891
13.137, 0.711891
13.148, 0.711891
13.159, 0.702785
13.17, 0.711891
13.181, 0.711891
13.192, 0.702785
13.203, 0.720992
13.2145, 0.711891
13.225, 0.711891
13.2355, 0.711891
13.246, 0.711891
13.2565, 0.711891
13.267, 0.711891
13.2775, 0.711891
13.288, 0.711891
13.2985, 0.711891
13.309, 0.693679
13.3195, 0.711891
13.33, 0.693679
13.3405, 0.711891
13.351, 0.702785
13.3615, 0.693679
13.372, 0.711891
13.3825, 0.711891
13.393, 0.702785
13.4035, 0.702785
13.414, 0.711891
13.4245, 0.693679
13.435, 0.693679
13.4455, 0.702785
13.456, 0.693679
13.4665, 0.693679
13.477, 0.711891
13.4875, 0.693679
13.498, 0.693679
13.5085, 0.711891
13.519, 0.702785
13.5295, 0.702785
13.54, 0.693679
13.5505, 0.702785
13.561, 0.693679
13.5715, 0.693679
13.582, 0.693679
13.5925, 0.711891
13.603, 0.711891
13.6135, 0.693679
13.624, 0.711891
13.6345, 0.711891
13.645, 0.711891
13.6555, 0.711891
13.666, 0.702785
13.6765, 0.702785
13.687, 0.711891
13.6975, 0.711891
13.708, 0.711891
13.7185, 0.711891
13.729, 0.702785
13.7395, 0.693679
13.75, 0.711891
13.7605, 0.702785
13.771, 0.702785
13.7815, 0.702785
13.792, 0.702785
13.8025, 0.693679
13.813, 0.693679
13.8235, 0.693679
13.834, 0.702785
13.8445, 0.711891
13.855, 0.711891
13.8655, 0.702785
13.876, 0.693679
13.887, 0.693679
13.898, 0.711891
13.909, 0.693679
13.92, 0.702785
13.931, 0.693679
13.942, 0.693679
13.953, 0.702785
13.9645, 0.693679
13.975, 0.702785
13.9855, 0.693679
13.996, 0.693679
14.0065, 0.693679
14.017, 0.693679
14.0275, 0.693679
14.038, 0.693679
14.0485, 0.693679
14.059, 0.693679
14.0695, 0.693679
14.08, 0.693679
14.0905, 0.693679
14.101, 0.693679
14.1115, 0.693679
14.122, 0.693679
14.1325, 0.693679
14.143, 0.693679
14.1535, 0.693679
14.164, 0.693679
14.1745, 0.693679
14.185, 0.711891
14.1955, 0.693679
14.206, 0.693679
14.2165, 0.711891
14.227, 0.702785
14.2375, 0.702785
14.248, 0.711891
14.2585, 0.711891
14.269, 0.702785
14.2795, 0.711891
14.29, 0.702785
14.3005, 0.711891
14.311, 0.711891
14.3215, 0.711891
14.332, 0.711891
14.3425, 0.702785
14.353, 0.711891
14.3635, 0.702785
14.374, 0.711891
14.3845, 0.702785
14.395, 0.711891
14.4055, 0.711891
14.416, 0.711891
14.4265, 0.711891
14.437, 0.702785
14.4475, 0.711891
14.458, 0.711891
14.4685, 0.711891
14.479, 0.702785
14.4895, 0.693679
14.5, 0.702785
14.5105, 0.711891
14.521, 0.702785
14.5315, 0.711891
14.542, 0.711891
14.5525, 0.711891
14.563, 0.711891
14.5735, 0.702785
14.584, 0.711891
14.5945, 0.702785
14.605, 0.693679
14.6155, 0.711891
14.626, 0.711891
14.637, 0.702785
14.648, 0.702785
14.659, 0.711891
14.67, 0.711891
14.681, 0.693679
14.692, 0.711891
14.703, 0.702785
14.7145, 0.693679
14.725, 0.693679
14.7355, 0.702785
14.746, 0.693679
14.7565, 0.711891
14.767, 0.702785
14.7775, 0.702785
14.788, 0.702785
14.7985, 0.693679
14.809, 0.711891
14.8195, 0.711891
14.83, 0.702785
14.8405, 0.711891
14.851, 0.702785
14.8615, 0.711891
14.872, 0.711891
14.8825, 0.702785
14.893, 0.702785
14.9035, 0.711891
14.914, 0.711891
14.9245, 0.711891
14.935, 0.711891
14.9455, 0.711891
14.956, 0.711891
14.9665, 0.711891
14.977, 0.711891
14.9875, 0.711891
14.998, 0.702785
15.0085, 0.711891
15.019, 0.693679
15.0295, 0.702785
15.04, 0.711891
15.0505, 0.702785
15.061, 0.702785
15.0715, 0.702785
15.082, 0.702785
15.0925, 0.711891
15.103, 0.702785
15.1135, 0.693679
15.124, 0.711891
15.1345, 0.711891
15.145, 0.711891
15.1555, 0.693679
15.166, 0.693679
15.1765, 0.702785
15.187, 0.693679
15.1975, 0.693679
15.208, 0.702785
15.2185, 0.702785
15.229, 0.693679
15.2395, 0.693679
15.25, 0.693679
15.2605, 0.693679
15.271, 0.693679
15.2815, 0.693679
15.292, 0.693679
15.3025, 0.693679
15.313, 0.693679
15.3235, 0.711891
15.334, 0.693679
15.3445, 0.702785
15.355, 0.693679
15.3655, 0.711891
15.376, 0.711891
15.387, 0.711891
15.398, 0.711891
15.409, 0.711891
15.42, 0.711891
15.431, 0.693679
15.442, 0.711891
15.453, 0.711891
15.4645, 0.711891
15.475, 0.720992
15.4855, 0.711891
15.496, 0.711891
15.5065, 0.711891
15.517, 0.711891
15.5275, 0.711891
15.538, 0.711891
15.5485, 0.711891
15.559, 0.711891
15.5695, 0.711891
15.58, 0.711891
15.5905, 0.693679
15.601, 0.711891
15.6115, 0.711891
15.622, 0.702785
15.6325, 0.711891
15.643, 0.702785
15.6535, 0.711891
15.664, 0.693679
15.6745, 0.711891
15.685, 0.702785
15.6955, 0.702785
15.706, 0.702785
15.7165, 0.693679
15.727, 0.702785
15.7375, 0.711891
15.748, 0.711891
15.7585, 0.711891
15.769, 0.702785
15.7795, 0.711891
15.79, 0.702785
15.8005, 0.693679
15.811, 0.693679
15.8215, 0.693679
15.832, 0.711891
15.8425, 0.702785
15.853, 0.693679
15.8635, 0.693679
15.874, 0.693679
15.8845, 0.693679
15.895, 0.693679
15.9055, 0.711891
15.916, 0.711891
15.9265, 0.711891
15.937, 0.702785
15.9475, 0.711891
15.958, 0.693679
15.9685, 0.702785
15.979, 0.702785
15.9895, 0.702785
16.0, 0.711891
16.0105, 0.702785
16.021, 0.702785
16.0315, 0.711891
16.042, 0.711891
16.0525, 0.711891
16.063, 0.702785
16.0735, 0.711891
16.084, 0.711891
16.0945, 0.702785
16.105, 0.702785
16.1155, 0.702785
16.126, 0.711891
16.137, 0.711891
16.148, 0.711891
16.159, 0.702785
16.17, 0.702785
16.181, 0.711891
16.192, 0.702785
16.203, 0.693679
16.2145, 0.702785
16.225, 0.702785
16.2355, 0.711891
16.246, 0.711891
16.2565, 0.711891
16.267, 0.693679
16.2775, 0.693679
16.288, 0.693679
16.2985, 0.693679
16.309, 0.693679
16.3195, 0.693679
16.33, 0.702785
16.3405, 0.693679
16.351, 0.693679
16.3615, 0.693679
16.372, 0.693679
16.3825, 0.693679
16.393, 0.693679
16.4035, 0.702785
16.414, 0.693679
16.4245, 0.693679
16.435, 0.693679
16.4455, 0.693679
16.456, 0.693679
16.4665, 0.693679
16.477, 0.693679
16.4875, 0.693679
16.498, 0.693679
16.5085, 0.693679
16.519, 0.693679
16.5295, 0.702785
16.54, 0.693679
16.5505, 0.693679
16.561, 0.693679
16.5715, 0.693679
16.582, 0.702785
16.5925, 0.702785
16.603, 0.711891
16.6135, 0.693679
16.624, 0.702785
16.6345, 0.711891
16.645, 0.702785
16.6555, 0.711891
16.666, 0.711891
16.6765, 0.711891
16.687, 0.711891
16.6975, 0.711891
16.708, 0.711891
16.7185, 0.711891
16.729, 0.711891
16.7395, 0.711891
16.75, 0.702785
16.7605, 0.711891
16.771, 0.711891
16.7815, 0.711891
16.792, 0.711891
16.8025, 0.711891
16.813, 0.702785
16.8235, 0.711891
16.834, 0.711891
16.8445, 0.711891
16.855, 0.711891
16.8655, 0.711891
16.876, 0.702785
16.887, 0.702785
16.898, 0.711891
16.909, 0.693679
16.92, 0.693679
16.931, 0.711891
16.942, 0.693679
16.953, 0.693679
16.9645, 0.711891
16.975, 0.693679
16.9855, 0.711891
16.996, 0.693679
17.0065, 0.693679
17.017, 0.711891
17.0275, 0.711891
17.038, 0.702785
17.0485, 0.702785
17.059, 0.711891
17.0695, 0.711891
17.08, 0.711891
17.0905, 0.702785
17.101, 0.693679
17.1115, 0.711891
17.122, 0.693679
17.1325, 0.702785
17.143, 0.693679
17.1535, 0.693679
17.164, 0.711891
17.1745, 0.693679
17.185, 0.711891
17.1955, 0.693679
17.206, 0.711891
17.2165, 0.702785
17.227, 0.702785
17.2375, 0.693679
17.248, 0.711891
17.2585, 0.711891
17.269, 0.711891
17.2795, 0.702785
17.29, 0.711891
17.3005, 0.702785
17.311, 0.711891
17.3215, 0.702785
17.332, 0.702785
17.3425, 0.693679
17.353, 0.693679
17.3635, 0.702785
17.374, 0.693679
17.3845, 0.711891
17.395, 0.711891
17.4055, 0.711891
17.416, 0.711891
17.4265, 0.711891
17.437, 0.711891
17.4475, 0.693679
17.458, 0.702785
17.4685, 0.711891
17.479, 0.693679
17.4895, 0.702785
17.5, 0.693679
17.5105, 0.693679
17.521, 0.711891
17.5315, 0.693679
17.542, 0.702785
17.5525, 0.693679
17.563, 0.702785
17.5735, 0.702785
17.584, 0.711891
17.5945, 0.702785
17.605, 0.693679
17.6155, 0.693679
17.626, 0.693679
17.637, 0.693679
17.648, 0.702785
17.659, 0.702785
17.67, 0.693679
17.681, 0.693679
17.692, 0.702785
17.703, 0.693679
17.7145, 0.693679
17.725, 0.702785
17.7355, 0.693679
17.746, 0.711891
17.7565, 0.702785
17.767, 0.711891
17.7775, 0.702785
17.788, 0.711891
17.7985, 0.711891
17.809, 0.702785
17.8195, 0.711891
17.83, 0.711891
17.8405, 0.711891
17.851, 0.702785
17.8615, 0.711891
17.872, 0.711891
17.8825, 0.702785
17.893, 0.693679
17.9035, 0.702785
17.914, 0.711891
17.9245, 0.711891
17.935, 0.730098
17.9455, 0.711891
17.956, 0.702785
17.9665, 0.711891
17.977, 0.711891
17.9875, 0.711891
17.998, 0.711891
18.0085, 0.711891
18.019, 0.711891
18.0295, 0.702785
18.04, 0.711891
18.0505, 0.711891
18.061, 0.711891
18.0715, 0.711891
18.082, 0.702785
18.0925, 0.711891
18.103, 0.702785
18.1135, 0.711891
18.124, 0.702785
18.1345, 0.711891
18.145, 0.711891
18.1555, 0.702785
18.166, 0.702785
18.1765, 0.711891
18.187, 0.711891
18.1975, 0.702785
18.208, 0.702785
18.2185, 0.702785
18.229, 0.702785
18.2395, 0.711891
18.25, 0.693679
18.2605, 0.702785
18.271, 0.693679
18.2815, 0.702785
18.292, 0.693679
18.3025, 0.702785
18.313, 0.693679
18.3235, 0.693679
18.334, 0.711891
18.3445, 0.711891
18.355, 0.702785
18.3655, 0.711891
18.376, 0.702785
18.387, 0.693679
18.398, 0.711891
18.409, 0.711891
18.42, 0.711891
18.431, 0.711891
18.442, 0.711891
18.453, 0.711891
18.4645, 0.711891
18.475, 0.711891
18.4855, 0.711891
18.496, 0.702785
18.5065, 0.711891
18.517, 0.693679
18.5275, 0.711891
18.538, 0.711891
18.5485, 0.711891
18.559, 0.693679
18.5695, 0.693679
18.58, 0.711891
18.5905, 0.702785
18.601, 0.711891
18.6115, 0.711891
18.622, 0.702785
18.6325, 0.693679
18.643, 0.711891
18.6535, 0.711891
18.664, 0.702785
18.6745, 0.711891
18.685, 0.711891
18.6955, 0.711891
18.706, 0.711891
18.7165, 0.693679
18.727, 0.693679
18.7375, 0.693679
18.748, 0.702785
18.7585, 0.693679
18.769, 0.702785
18.7795, 0.693679
18.79, 0.711891
18.8005, 0.693679
18.811, 0.693679
18.8215, 0.693679
18.832, 0.693679
18.8425, 0.693679
18.853, 0.693679
18.8635, 0.693679
18.874, 0.693679
18.8845, 0.693679
18.895, 0.693679
18.9055, 0.693679
18.916, 0.693679
18.9265, 0.693679
18.937, 0.693679
18.9475, 0.693679
18.958, 0.693679
18.9685, 0.702785
18.979, 0.693679
18.9895, 0.702785
19.0, 0.711891
19.0105, 0.693679
19.021, 0.711891
19.0315, 0.702785
19.042, 0.711891
19.0525, 0.702785
19.063, 0.711891
19.0735, 0.693679
19.084, 0.711891
19.0945, 0.711891
19.105, 0.702785
19.1155, 0.711891
19.126, 0.711891
19.137, 0.711891
19.148, 0.711891
19.159, 0.711891
19.17, 0.711891
19.181, 0.711891
19.192, 0.711891
19.203, 0.711891
19.2145, 0.711891
19.225, 0.711891
19.2355, 0.702785
19.246, 0.711891
19.2565, 0.711891
19.267, 0.711891
19.2775, 0.711891
19.288, 0.711891
19.2985, 0.711891
19.309, 0.702785
19.3195, 0.702785
19.33, 0.711891
19.3405, 0.711891
19.351, 0.711891
19.3615, 0.711891
19.372, 0.702785
19.3825, 0.702785
19.393, 0.693679
19.4035, 0.693679
19.414, 0.711891
19.4245, 0.711891
19.435, 0.693679
19.4455, 0.702785
19.456, 0.702785
19.4665, 0.702785
19.477, 0.702785
19.4875, 0.693679
19.498, 0.693679
19.5085, 0.702785
19.519, 0.693679
19.5295, 0.702785
19.54, 0.702785
19.5505, 0.711891
19.561, 0.702785
19.5715, 0.711891
19.582, 0.711891
19.5925, 0.711891
19.603, 0.693679
19.6135, 0.702785
19.624, 0.702785
19.6345, 0.711891
19.645, 0.702785
19.6555, 0.711891
19.666, 0.711891
19.6765, 0.711891
19.687, 0.711891
19.6975, 0.711891
19.708, 0.711891
19.7185, 0.711891
19.729, 0.711891
19.7395, 0.702785
19.75, 0.711891
19.7605, 0.711891
19.771, 0.711891
19.7815, 0.702785
19.792, 0.702785
19.8025, 0.702785
19.813, 0.702785
19.8235, 0.702785
19.834, 0.711891
19.8445, 0.711891
19.855, 0.711891
19.8655, 0.711891
19.876, 0.693679
19.887, 0.693679
19.898, 0.693679
19.909, 0.693679
19.92, 0.693679
19.931, 0.711891
19.942, 0.693679
19.953, 0.711891
19.9645, 0.693679
19.975, 0.702785
19.9855, 0.693679
19.996, 0.702785
20.0065, 0.693679
20.017, 0.693679
20.0275, 0.693679
20.038, 0.702785
20.0485, 0.693679
20.059, 0.693679
20.0695, 0.693679
20.08, 0.702785
20.0905, 0.711891
20.101, 0.711891
20.1115, 0.693679
20.122, 0.693679
20.1325, 0.702785
20.143, 0.693679
20.1535, 0.693679
20.164, 0.711891
20.1745, 0.711891
20.185, 0.693679
20.1955, 0.702785
20.206, 0.711891
20.2165, 0.711891
20.227, 0.693679
20.2375, 0.711891
20.248, 0.702785
20.2585, 0.711891
20.269, 0.702785
20.2795, 0.702785
20.29, 0.711891
20.3005, 0.711891
20.311, 0.711891
20.3215, 0.711891
20.332, 0.702785
20.3425, 0.711891
20.353, 0.711891
20.3635, 0.711891
20.374, 0.711891
20.3845, 0.702785
20.395, 0.702785
20.4055, 0.711891
20.416, 0.711891
20.4265, 0.711891
20.437, 0.711891
20.4475, 0.711891
20.458, 0.702785
20.4685, 0.711891
20.479, 0.711891
20.4895, 0.711891
20.5, 0.711891
20.5105, 0.711891
20.521, 0.693679
20.5315, 0.693679
20.542, 0.711891
20.5525, 0.702785
20.563, 0.702785
20.5735, 0.693679
20.584, 0.702785
20.5945, 0.693679
20.605, 0.702785
20.6155, 0.711891
20.626, 0.702785
20.637, 0.711891
20.648, 0.711891
20.659, 0.711891
20.67, 0.693679
20.681, 0.702785
20.692, 0.693679
20.703, 0.711891
20.7145, 0.702785
20.725, 0.693679
20.7355, 0.693679
20.746, 0.711891
20.7565, 0.711891
20.767, 0.711891
20.7775, 0.711891
20.788, 0.711891
20.7985, 0.702785
20.809, 0.711891
20.8195, 0.702785
20.83, 0.693679
20.8405, 0.711891
20.851, 0.702785
20.8615, 0.711891
20.872, 0.711891
20.8825, 0.711891
20.893, 0.711891
20.9035, 0.711891
20.914, 0.711891
20.9245, 0.711891
20.935, 0.711891
20.9455, 0.693679
20.956, 0.711891
20.9665, 0.711891
20.977, 0.711891
20.9875, 0.711891
20.998, 0.711891
21.0085, 0.702785
21.019, 0.711891
21.0295, 0.693679
21.04, 0.711891
21.0505, 0.711891
21.061, 0.711891
21.0715, 0.693679
21.082, 0.702785
21.0925, 0.702785
21.103, 0.693679
21.1135, 0.702785
21.124, 0.693679
21.1345, 0.693679
21.145, 0.702785
21.1555, 0.693679
21.166, 0.702785
21.1765, 0.693679
21.187, 0.711891
21.1975, 0.693679
21.208, 0.711891
21.2185, 0.693679
21.229, 0.693679
21.2395, 0.693679
21.25, 0.693679
21.2605, 0.693679
21.271, 0.693679
21.2815, 0.693679
21.292, 0.693679
21.3025, 0.693679
21.313, 0.702785
21.3235, 0.693679
21.334, 0.693679
21.3445, 0.693679
21.355, 0.693679
21.3655, 0.711891
21.376, 0.693679
21.387, 0.693679
21.398, 0.693679
21.409, 0.711891
21.42, 0.711891
21.431, 0.711891
21.442, 0.702785
21.453, 0.711891
21.4645, 0.711891
21.475, 0.693679
21.4855, 0.711891
21.496, 0.702785
21.5065, 0.702785
21.517, 0.711891
21.5275, 0.711891
21.538, 0.711891
21.5485, 0.711891
21.559, 0.711891
21.5695, 0.711891
21.58, 0.702785
21.5905, 0.711891
21.601, 0.702785
21.6115, 0.702785
21.622, 0.711891
21.6325, 0.711891
21.643, 0.711891
21.6555, 0.711891
21.668, 0.711891
21.679, 0.711891
21.69, 0.702785
21.701, 0.711891
21.712, 0.702785
21.723, 0.711891
21.734, 0.702785
21.745, 0.702785
21.7565, 0.711891
21.767, 0.711891
21.7775, 0.693679
21.788, 0.711891
21.7985, 0.711891
21.809, 0.702785
21.8195, 0.711891
21.83, 0.693679
21.8405, 0.711891
21.851, 0.702785
21.8615, 0.711891
21.872, 0.711891
21.8825, 0.693679
21.893, 0.711891
21.9035, 0.711891
21.914, 0.702785
21.9245, 0.711891
21.935, 0.693679
21.9455, 0.702785
21.956, 0.693679
21.9665, 0.711891
21.977, 0.711891
21.9875, 0.711891
21.998, 0.702785
22.0085, 0.711891
22.019, 0.711891
22.0295, 0.711891
22.04, 0.720992
22.0505, 0.711891
22.061, 0.702785
22.0715, 0.711891
22.082, 0.702785
22.0925, 0.702785
22.103, 0.702785
22.1135, 0.702785
22.124, 0.702785
22.1345, 0.711891
22.145, 0.711891
22.1555, 0.711891
22.166, 0.702785
22.1765, 0.711891
22.187, 0.693679
22.1975, 0.711891
22.208, 0.711891
22.2185, 0.711891
22.229, 0.711891
22.2395, 0.702785
22.25, 0.702785
22.2605, 0.702785
22.271, 0.711891
22.2815, 0.711891
22.292, 0.711891
22.3025, 0.711891
22.313, 0.693679
22.3235, 0.693679
22.334, 0.702785
22.3445, 0.702785
22.355, 0.693679
22.3655, 0.711891
22.376, 0.711891
22.387, 0.711891
22.398, 0.711891
22.409, 0.711891
22.42, 0.730098
22.431, 0.711891
22.442, 0.711891
22.453, 0.711891
22.4645, 0.720992
22.475, 0.711891
22.4855, 0.593538
22.496, 0.511599
22.5065, 0.456978
22.517, 0.429665
22.5275, 0.402352
22.538, 0.402352
22.5485, 0.393251
22.559, 0.38414
22.5695, 0.393251
22.58, 0.393251
22.5905, 0.38414
22.601, 0.38414
22.6115, 0.38414
22.622, 0.38414
22.6325, 0.38414
22.643, 0.38414
22.6535, 0.38414
22.664, 0.38414
22.6745, 0.38414
22.685, 0.38414
22.6955, 0.38414
22.706, 0.393251
22.7165, 0.38414
22.727, 0.38414
22.7375, 0.38414
22.748, 0.38414
22.7585, 0.393251
22.769, 0.38414
22.7795, 0.38414
22.79, 0.38414
22.8005, 0.38414
22.811, 0.38414
22.8215, 0.38414
22.832, 0.38414
22.8425, 0.38414
22.853, 0.38414
22.8635, 0.393251
22.874, 0.38414
22.8845, 0.38414
22.895, 0.38414
22.9055, 0.38414
22.916, 0.402352
22.9265, 0.393251
22.937, 0.38414
22.9475, 0.38414
22.958, 0.38414
22.9685, 0.38414
22.979, 0.38414
22.9895, 0.38414
23.0, 0.38414
23.0105, 0.393251
23.021, 0.38414
23.0315, 0.38414
23.042, 0.38414
23.0525, 0.38414
23.063, 0.38414
23.0735, 0.38414
23.084, 0.38414
23.0945, 0.38414
23.105, 0.38414
23.1155, 0.38414
23.126, 0.38414
23.137, 0.38414
23.148, 0.38414
23.159, 0.38414
23.17, 0.393251
23.181, 0.38414
23.192, 0.38414
23.203, 0.38414
23.2145, 0.38414
23.225, 0.38414
23.2355, 0.38414
23.246, 0.38414
23.2565, 0.38414
23.267, 0.38414
23.2775, 0.38414
23.288, 0.38414
23.2985, 0.38414
23.309, 0.38414
23.3195, 0.38414
23.33, 0.38414
23.3405, 0.38414
23.351, 0.38414
23.3615, 0.38414
23.372, 0.38414
23.3825, 0.38414
23.393, 0.38414
23.4035, 0.38414
23.414, 0.38414
23.4245, 0.375034
23.435, 0.38414
23.4455, 0.38414
23.456, 0.38414
23.4665, 0.38414
23.477, 0.38414
23.4875, 0.38414
23.498, 0.393251
23.5085, 0.38414
23.519, 0.38414
23.5295, 0.38414
23.54, 0.38414
23.5505, 0.38414
23.561, 0.38414
23.5715, 0.38414
23.582, 0.38414
23.5925, 0.38414
23.603, 0.38414
23.6135, 0.375034
23.624, 0.38414
23.6345, 0.375034
23.645, 0.38414
23.6555, 0.38414
23.666, 0.38414
23.6765, 0.365933
23.687, 0.375034
23.6975, 0.38414
23.708, 0.38414
23.7185, 0.38414
23.729, 0.38414
23.7395, 0.38414
23.75, 0.38414
23.7605, 0.38414
23.771, 0.38414
23.7815, 0.38414
23.792, 0.38414
23.8025, 0.375034
23.813, 0.38414
23.8235, 0.38414
23.834, 0.38414
23.8445, 0.38414
23.855, 0.38414
23.8655, 0.38414
23.876, 0.38414
23.887, 0.38414
23.898, 0.38414
23.909, 0.38414
23.92, 0.38414
23.931, 0.38414
23.942, 0.38414
23.953, 0.38414
23.9645, 0.38414
23.975, 0.38414
23.9855, 0.38414
23.996, 0.38414
24.0065, 0.38414
24.017, 0.38414
24.0275, 0.375034
24.038, 0.38414
24.0485, 0.38414
24.059, 0.38414
24.0695, 0.38414
24.08, 0.38414
24.0905, 0.38414
24.101, 0.38414
24.1115, 0.38414
24.122, 0.375034
24.1325, 0.38414
24.143, 0.38414
24.1535, 0.38414
24.164, 0.38414
24.1745, 0.38414
24.185, 0.38414
24.1955, 0.38414
24.206, 0.38414
24.2165, 0.38414
24.227, 0.38414
24.2375, 0.393251
24.248, 0.38414
24.2585, 0.38414
24.269, 0.38414
24.2795, 0.38414
24.29, 0.38414
24.3005, 0.38414
24.311, 0.38414
24.3215, 0.38414
24.332, 0.38414
24.3425, 0.402352
24.353, 0.38414
24.3635, 0.38414
24.374, 0.38414
24.3845, 0.38414
24.395, 0.393251
24.4055, 0.393251
24.416, 0.393251
24.4265, 0.38414
24.437, 0.38414
24.4475, 0.38414
24.458, 0.38414
24.4685, 0.38414
24.479, 0.38414
24.4895, 0.38414
24.5, 0.393251
24.5105, 0.38414
24.521, 0.38414
24.5315, 0.38414
24.542, 0.38414
24.5525, 0.38414
24.563, 0.38414
24.5735, 0.38414
24.584, 0.38414
24.5945, 0.38414
24.605, 0.38414
24.6155, 0.38414
24.626, 0.393251
24.637, 0.38414
24.648, 0.38414
24.659, 0.38414
24.67, 0.38414
24.681, 0.38414
24.692, 0.38414
24.703, 0.393251
24.7145, 0.38414
24.725, 0.38414
24.7355, 0.38414
24.746, 0.38414
24.7565, 0.38414
24.767, 0.38414
24.7775, 0.38414
24.788, 0.38414
24.7985, 0.38414
24.809, 0.393251
24.8195, 0.38414
24.83, 0.38414
24.8405, 0.38414
24.851, 0.38414
24.8615, 0.38414
24.872, 0.393251
24.8825, 0.38414
24.893, 0.38414
24.9035, 0.38414
24.914, 0.38414
24.9245, 0.38414
24.935, 0.38414
24.9455, 0.38414
24.956, 0.38414
24.9665, 0.38414
24.977, 0.38414
24.9875, 0.38414
24.998, 0.38414
25.0085, 0.393251
25.019, 0.393251
25.0295, 0.38414
25.04, 0.38414
25.0505, 0.38414
25.061, 0.38414
25.0715, 0.38414
25.082, 0.38414
25.0925, 0.375034
25.103, 0.38414
25.1135, 0.38414
25.124, 0.375034
25.1345, 0.38414
25.145, 0.38414
25.1555, 0.375034
25.166, 0.393251
25.1765, 0.38414
25.187, 0.38414
25.1975, 0.38414
25.208, 0.38414
25.2185, 0.38414
25.229, 0.38414
25.2395, 0.38414
25.25, 0.375034
25.2605, 0.393251
25.271, 0.38414
25.2815, 0.38414
25.292, 0.38414
25.3025, 0.38414
25.313, 0.375034
25.3235, 0.38414
25.334, 0.393251
25.3445, 0.38414
25.355, 0.38414
25.3655, 0.38414
25.376, 0.375034
25.387, 0.38414
25.398, 0.38414
25.409, 0.38414
25.42, 0.393251
25.431, 0.38414
25.442, 0.38414
25.453, 0.38414
25.4645, 0.38414
25.475, 0.38414
25.4855, 0.38414
25.496, 0.38414
25.5065, 0.38414
25.517, 0.38414
25.5275, 0.38414
25.538, 0.38414
25.5485, 0.393251
25.559, 0.38414
25.5695, 0.38414
25.58, 0.38414
25.5905, 0.38414
25.601, 0.38414
25.6115, 0.38414
25.622, 0.38414
25.6325, 0.38414
25.643, 0.38414
25.6535, 0.393251
25.664, 0.38414
25.6745, 0.38414
25.685, 0.38414
25.6955, 0.38414
25.706, 0.38414
25.7165, 0.393251
25.727, 0.38414
25.7375, 0.38414
25.748, 0.38414
25.7585, 0.38414
25.769, 0.38414
25.7795, 0.38414
25.79, 0.393251
25.8005, 0.38414
25.811, 0.38414
25.8215, 0.38414
25.832, 0.38414
25.8425, 0.38414
25.853, 0.38414
25.8635, 0.38414
25.874, 0.393251
25.8845, 0.38414
25.895, 0.38414
25.9055, 0.38414
25.916, 0.38414
25.9265, 0.38414
25.937, 0.38414
25.9475, 0.38414
25.958, 0.38414
25.9685, 0.38414
25.979, 0.38414
25.9895, 0.38414
26.0, 0.38414
26.0105, 0.38414
26.021, 0.375034
26.0315, 0.393251
26.042, 0.38414
26.0525, 0.38414
26.063, 0.38414
26.0735, 0.38414
26.084, 0.38414
26.0945, 0.38414
26.105, 0.38414
26.1155, 0.38414
26.126, 0.38414
26.137, 0.38414
26.148, 0.38414
26.159, 0.38414
26.17, 0.38414
26.181, 0.365933
26.192, 0.38414
26.203, 0.38414
26.2145, 0.38414
26.225, 0.38414
26.2355, 0.38414
26.246, 0.38414
26.2565, 0.38414
26.267, 0.393251
26.2775, 0.38414
26.288, 0.38414
26.2985, 0.38414
26.309, 0.38414
26.3195, 0.38414
26.33, 0.38414
26.3405, 0.38414
26.351, 0.38414
26.3615, 0.38414
26.372, 0.38414
26.3825, 0.393251
26.393, 0.38414
26.4035, 0.38414
26.414, 0.393251
26.4245, 0.38414
26.435, 0.38414
26.4455, 0.38414
26.456, 0.393251
26.4665, 0.38414
26.477, 0.38414
26.4875, 0.38414
26.498, 0.38414
26.5085, 0.38414
26.519, 0.38414
26.5295, 0.38414
26.54, 0.38414
26.5505, 0.38414
26.561, 0.38414
26.5715, 0.38414
26.582, 0.38414
26.5925, 0.38414
26.603, 0.38414
26.6135, 0.38414
26.624, 0.38414
26.6345, 0.38414
26.645, 0.38414
26.6555, 0.38414
26.666, 0.38414
26.6765, 0.38414
26.687, 0.375034
26.6975, 0.38414
26.708, 0.393251
26.7185, 0.38414
26.729, 0.38414
26.7395, 0.38414
26.75, 0.393251
26.7605, 0.38414
26.771, 0.38414
26.7815, 0.375034
26.792, 0.38414
26.8025, 0.38414
26.813, 0.38414
26.8235, 0.393251
26.834, 0.375034
26.8445, 0.38414
26.855, 0.38414
26.8655, 0.38414
26.876, 0.393251
26.887, 0.38414
26.898, 0.38414
26.909, 0.38414
26.92, 0.38414
26.931, 0.38414
26.942, 0.38414
26.953, 0.38414
26.9645, 0.38414
26.975, 0.375034
26.9855, 0.393251
26.996, 0.393251
27.0065, 0.38414
27.017, 0.38414
27.0275, 0.38414
27.038, 0.393251
27.0485, 0.402352
27.059, 0.38414
27.0695, 0.38414
27.08, 0.38414
27.0905, 0.38414
27.101, 0.38414
27.1115, 0.38414
27.122, 0.38414
27.1325, 0.38414
27.143, 0.38414
27.1535, 0.38414
27.164, 0.38414
27.1745, 0.38414
27.185, 0.38414
27.1955, 0.38414
27.206, 0.38414
27.2165, 0.38414
27.227, 0.393251
27.2375, 0.38414
27.248, 0.375034
27.2585, 0.38414
27.269, 0.375034
27.2795, 0.38414
27.29, 0.375034
27.3005, 0.38414
27.311, 0.38414
27.3215, 0.38414
27.332, 0.38414
27.3425, 0.375034
27.353, 0.393251
27.3635, 0.393251
27.374, 0.38414
27.3845, 0.38414
27.395, 0.38414
27.4055, 0.38414
27.416, 0.38414
27.4265, 0.38414
27.437, 0.38414
27.4475, 0.38414
27.458, 0.375034
27.4685, 0.38414
27.479, 0.38414
27.4895, 0.38414
27.5, 0.38414
27.5105, 0.38414
27.521, 0.38414
27.5315, 0.38414
27.542, 0.38414
27.5525, 0.38414
27.563, 0.38414
27.5735, 0.38414
27.584, 0.38414
27.5945, 0.393251
27.605, 0.375034
27.6155, 0.38414
27.626, 0.38414
27.637, 0.38414
27.648, 0.38414
27.659, 0.38414
27.67, 0.38414
27.681, 0.393251
27.692, 0.38414
27.703, 0.38414
27.7145, 0.38414
27.725, 0.38414
27.7355, 0.393251
27.746, 0.38414
27.7565, 0.393251
27.767, 0.38414
27.7775, 0.38414
27.788, 0.393251
27.7985, 0.38414
27.809, 0.375034
27.8195, 0.38414
27.83, 0.402352
27.8405, 0.38414
27.851, 0.38414
27.8615, 0.38414
27.872, 0.38414
27.8825, 0.38414
27.893, 0.38414
27.9035, 0.38414
27.914, 0.38414
27.9245, 0.38414
27.935, 0.375034
27.9455, 0.38414
27.956, 0.375034
27.9665, 0.38414
27.977, 0.38414
27.9875, 0.38414
27.998, 0.393251
28.0085, 0.38414
28.019, 0.38414
28.0295, 0.38414
28.04, 0.38414
28.0505, 0.38414
28.061, 0.38414
28.0715, 0.38414
28.082, 0.38414
28.0925, 0.375034
28.103, 0.38414
28.1135, 0.38414
28.124, 0.393251
28.1345, 0.38414
28.145, 0.375034
28.1555, 0.38414
28.166, 0.393251
28.1765, 0.38414
28.187, 0.38414
28.1975, 0.375034
28.208, 0.38414
28.2185, 0.38414
28.229, 0.38414
28.2395, 0.38414
28.25, 0.38414
28.2605, 0.38414
28.271, 0.38414
28.2815, 0.375034
28.292, 0.393251
28.3025, 0.38414
28.313, 0.38414
28.3235, 0.38414
28.334, 0.393251
28.3445, 0.38414
28.355, 0.38414
28.3655, 0.38414
28.376, 0.38414
28.387, 0.38414
28.398, 0.375034
28.409, 0.38414
28.42, 0.375034
28.431, 0.393251
28.442, 0.38414
28.453, 0.38414
28.4645, 0.375034
28.475, 0.38414
28.4855, 0.38414
28.496, 0.375034
28.5065, 0.393251
28.517, 0.38414
28.5275, 0.38414
28.538, 0.38414
28.5485, 0.38414
28.559, 0.38414
28.5695, 0.38414
28.58, 0.38414
28.5905, 0.38414
28.601, 0.38414
28.6115, 0.38414
28.622, 0.38414
28.6325, 0.38414
28.643, 0.38414
28.6535, 0.38414
28.664, 0.38414
28.6745, 0.38414
28.685, 0.38414
28.6955, 0.38414
28.706, 0.38414
28.7165, 0.393251
28.727, 0.38414
28.7375, 0.38414
28.748, 0.375034
28.7585, 0.38414
28.769, 0.38414
28.7795, 0.38414
28.79, 0.38414
28.8005, 0.38414
28.811, 0.38414
28.8215, 0.38414
28.832, 0.38414
28.8425, 0.38414
28.853, 0.375034
28.8635, 0.38414
28.874, 0.38414
28.8845, 0.38414
28.895, 0.38414
28.9055, 0.375034
28.916, 0.38414
28.9265, 0.38414
28.937, 0.393251
28.9475, 0.38414
28.958, 0.38414
28.9685, 0.38414
28.979, 0.38414
28.9895, 0.38414
29.0, 0.38414
29.0105, 0.38414
29.021, 0.393251
29.0315, 0.38414
29.042, 0.38414
29.0525, 0.38414
29.063, 0.38414
29.0735, 0.38414
29.084, 0.38414
29.0945, 0.38414
29.105, 0.38414
29.1155, 0.38414
29.126, 0.375034
29.137, 0.38414
29.148, 0.38414
29.159, 0.365933
29.17, 0.38414
29.181, 0.38414
29.192, 0.38414
29.203, 0.375034
29.2145, 0.38414
29.225, 0.38414
29.2355, 0.38414
29.246, 0.38414
29.2565, 0.38414
29.267, 0.38414
29.2775, 0.38414
29.288, 0.38414
29.2985, 0.38414
29.309, 0.38414
29.3195, 0.38414
29.33, 0.38414
29.3405, 0.38414
29.351, 0.375034
29.3615, 0.38414
29.372, 0.38414
29.3825, 0.365933
29.393, 0.38414
29.4035, 0.38414
29.414, 0.38414
29.4245, 0.38414
29.435, 0.375034
29.4455, 0.38414
29.456, 0.38414
29.4665, 0.38414
29.477, 0.375034
29.4875, 0.38414
29.498, 0.38414
29.5085, 0.38414
29.519, 0.375034
29.5295, 0.38414
29.54, 0.38414
29.5505, 0.38414
29.561, 0.38414
29.5715, 0.38414
29.582, 0.38414
29.5925, 0.38414
29.603, 0.38414
29.6135, 0.38414
29.624, 0.38414
29.6345, 0.38414
29.645, 0.393251
29.6555, 0.38414
29.666, 0.38414
29.6765, 0.38414
29.687, 0.38414
29.6975, 0.38414
29.708, 0.38414
29.7185, 0.38414
29.729, 0.38414
29.7395, 0.38414
29.75, 0.38414
29.7605, 0.38414
29.771, 0.38414
29.7815, 0.38414
29.792, 0.38414
29.8025, 0.38414
29.813, 0.38414
29.8235, 0.38414
29.834, 0.38414
29.8445, 0.38414
29.855, 0.375034
29.8655, 0.38414
29.876, 0.38414
29.887, 0.393251
29.898, 0.375034
29.909, 0.38414
29.92, 0.38414
29.931, 0.38414
29.942, 0.38414
29.953, 0.38414
29.9645, 0.38414
29.975, 0.375034
29.9855, 0.38414
29.996, 0.38414
30.0065, 0.38414
30.017, 0.38414
30.0275, 0.38414
30.038, 0.38414
30.0485, 0.38414
30.059, 0.393251
30.0695, 0.38414
30.08, 0.38414
30.0905, 0.38414
30.101, 0.38414
30.1115, 0.393251
30.122, 0.38414
30.1325, 0.38414
30.143, 0.38414
30.1535, 0.38414
30.164, 0.375034
30.1745, 0.38414
30.185, 0.38414
30.1955, 0.38414
30.206, 0.38414
30.2165, 0.38414
30.227, 0.38414
30.2375, 0.38414
30.248, 0.393251
30.2585, 0.38414
30.269, 0.38414
30.2795, 0.38414
30.29, 0.38414
30.3005, 0.393251
30.311, 0.38414
30.3215, 0.38414
30.332, 0.38414
30.3425, 0.38414
30.353, 0.393251
30.3635, 0.38414
30.374, 0.38414
30.3845, 0.375034
30.395, 0.38414
30.4055, 0.38414
30.416, 0.38414
30.4265, 0.38414
30.437, 0.38414
30.4475, 0.38414
30.458, 0.38414
30.4685, 0.393251
30.479, 0.38414
30.4895, 0.38414
30.5, 0.38414
30.5105, 0.393251
30.521, 0.38414
30.5315, 0.38414
30.542, 0.38414
30.5525, 0.393251
30.563, 0.38414
30.5735, 0.38414
30.584, 0.38414
30.5945, 0.38414
30.605, 0.38414
30.6155, 0.375034
30.626, 0.38414
30.637, 0.402352
30.648, 0.38414
30.659, 0.38414
30.67, 0.38414
30.681, 0.38414
30.692, 0.38414
30.703, 0.365933
30.7145, 0.38414
30.725, 0.38414
30.7355, 0.38414
30.746, 0.38414
30.7565, 0.38414
30.767, 0.393251
30.7775, 0.393251
30.788, 0.38414
30.7985, 0.402352
30.809, 0.38414
30.8195, 0.38414
30.83, 0.375034
30.8405, 0.38414
30.851, 0.38414
30.8615, 0.38414
30.872, 0.393251
30.8825, 0.38414
30.893, 0.38414
30.9035, 0.38414
30.914, 0.38414
30.9245, 0.38414
30.935, 0.38414
30.9455, 0.38414
30.956, 0.38414
30.9665, 0.38414
30.977, 0.38414
30.9875, 0.38414
30.998, 0.393251
31.0085, 0.38414
31.019, 0.393251
31.0295, 0.38414
31.04, 0.38414
31.0505, 0.38414
31.061, 0.393251
31.0715, 0.38414
31.082, 0.38414
31.0925, 0.38414
31.103, 0.38414
31.1135, 0.38414
31.124, 0.393251
31.1345, 0.38414
31.145, 0.38414
31.1555, 0.38414
31.166, 0.38414
31.1765, 0.393251
31.187, 0.38414
31.1975, 0.393251
31.208, 0.375034
31.2185, 0.375034
31.229, 0.38414
31.2395, 0.393251
31.25, 0.38414
31.2605, 0.38414
31.271, 0.38414
31.2815, 0.393251
31.292, 0.38414
31.3025, 0.38414
31.313, 0.38414
31.3235, 0.38414
31.334, 0.393251
31.3445, 0.38414
31.355, 0.38414
31.3655, 0.38414
31.376, 0.393251
31.387, 0.38414
31.398, 0.375034
31.409, 0.38414
31.42, 0.393251
31.431, 0.38414
31.442, 0.38414
31.453, 0.38414
31.4645, 0.38414
31.475, 0.38414
31.4855, 0.393251
31.496, 0.393251
31.5065, 0.38414
31.517, 0.393251
31.5275, 0.38414
31.538, 0.38414
31.5485, 0.38414
31.559, 0.402352
31.5695, 0.38414
31.58, 0.393251
31.5905, 0.38414
31.601, 0.393251
31.6115, 0.38414
31.622, 0.375034
31.6325, 0.38414
31.643, 0.38414
31.6535, 0.38414
31.664, 0.38414
31.6745, 0.38414
31.685, 0.375034
31.6955, 0.38414
31.706, 0.38414
31.7165, 0.38414
31.727, 0.38414
31.7375, 0.38414
31.748, 0.38414
31.7585, 0.38414
31.769, 0.38414
31.7795, 0.38414
31.79, 0.38414
31.8005, 0.38414
31.811, 0.375034
31.8215, 0.38414
31.832, 0.38414
31.8425, 0.38414
31.853, 0.38414
31.8635, 0.38414
31.874, 0.38414
31.8845, 0.38414
31.895, 0.38414
31.9055, 0.393251
31.916, 0.38414
31.9265, 0.38414
31.937, 0.393251
31.9475, 0.375034
31.958, 0.38414
31.9685, 0.38414
31.979, 0.375034
31.9895, 0.393251
32.0, 0.38414
32.0105, 0.38414
32.021, 0.38414
32.0315, 0.38414
32.042, 0.38414
32.0525, 0.38414
32.063, 0.38414
32.0735, 0.393251
32.084, 0.38414
32.0945, 0.38414
32.105, 0.375034
32.1155, 0.38414
32.126, 0.38414
32.137, 0.38414
32.148, 0.393251
32.159, 0.38414
32.17, 0.38414
32.181, 0.38414
32.192, 0.38414
32.203, 0.38414
32.2145, 0.38414
32.225, 0.38414
32.2355, 0.38414
32.246, 0.38414
32.2565, 0.38414
32.267, 0.38414
32.2775, 0.393251
32.288, 0.38414
32.2985, 0.38414
32.309, 0.393251
32.3195, 0.38414
32.33, 0.38414
32.3405, 0.375034
32.351, 0.38414
32.3615, 0.375034
32.372, 0.38414
32.3825, 0.38414
32.393, 0.38414
32.4035, 0.393251
32.414, 0.38414
32.4245, 0.38414
32.435, 0.38414
32.4455, 0.38414
32.456, 0.38414
