Force Data
0.0009375, -0.213924
0.0019375, -0.946359
0.0019375, -0.702213
0.0029375, -0.458071
0.0029375, -0.458071
0.0029375, -0.702213
0.0039375, -0.946359
0.0039375, -0.946359
0.005, -0.946359
0.005, -0.946359
0.0059375, -0.702213
0.0059375, -0.458071
0.0059375, -0.946359
0.0069375, -0.702213
0.0069375, -0.946359
0.0079375, -0.702213
0.0079375, -0.702213
0.0089375, -0.946359
0.0089375, -0.946359
0.0089375, -0.946359
0.01, -0.702213
0.01, -0.946359
0.0109375, -0.458071
0.0109375, -0.702213
0.0109375, -0.946359
0.0119375, -0.946359
0.0119375, -0.702213
0.013, -0.702213
0.013, -0.946359
0.0139375, -0.946359
0.0139375, -0.702213
0.0139375, -0.946359
0.0149375, -0.702213
0.0149375, -0.946359
0.0159375, -0.702213
0.0159375, -0.946359
0.0169375, -0.946359
0.0169375, -0.702213
0.018, -0.702213
0.018, -0.702213
0.018, -0.458071
0.0189375, -0.946359
0.0189375, -0.946359
0.0199375, -0.946359
0.0199375, -0.946359
0.0199375, -0.946359
0.0209375, -0.946359
0.0209375, -0.946359
0.0219375, -0.702213
0.0219375, -0.946359
0.0219375, -0.946359
0.023, -0.946359
0.023, -0.946359
0.0239375, -0.702213
0.0239375, -0.458071
0.0249375, -0.946359
0.0249375, -0.702213
0.0249375, -0.946359
0.026, -0.702213
0.026, -0.702213
0.0269375, -0.702213
0.0269375, -0.946359
0.0269375, -0.458071
0.0279375, -0.702213
0.0279375, -0.702213
0.0289375, -0.946359
0.0299375, -0.946359
0.0299375, -0.946359
0.0299375, -0.946359
0.031, -0.702213
0.031, -0.702213
0.0319375, -0.946359
0.0319375, -0.702213
0.0319375, -0.702213
0.0329375, -0.946359
0.0329375, -0.946359
0.0339375, -0.946359
0.0339375, -0.946359
0.0349375, -0.946359
0.0349375, -0.702213
0.0349375, -0.946359
0.036, -0.946359
0.036, -0.702213
0.0369375, -0.702213
0.0369375, -0.946359
0.0369375, -0.946359
0.0379375, -0.946359
0.0379375, -0.702213
0.039, -0.702213
0.039, -0.702213
0.039, -0.702213
0.0399375, -0.702213
0.0399375, -0.702213
0.0409375, -0.702213
0.0409375, -0.946359
0.0419375, -0.702213
0.0419375, -0.702213
0.0419375, -0.946359
0.0429375, -0.946359
0.0429375, -0.946359
0.044, -0.946359
0.044, -0.946359
0.044, -0.946359
0.0449375, -0.946359
0.0449375, -0.946359
0.0459375, -0.458071
0.0459375, -0.702213
0.0469375, -0.702213
0.0469375, -0.946359
0.0469375, -0.702213
0.0479375, -0.946359
0.0479375, -0.946359
0.049, -0.702213
0.049, -0.702213
0.049, -1.43465
0.0499375, -0.702213
0.0499375, -0.946359
0.0509375, -0.458071
0.0509375, -0.702213
0.052, -0.946359
0.052, -0.946359
0.052, -0.946359
0.0529375, -0.946359
0.0529375, -0.946359
0.0539375, -0.946359
0.0539375, -0.946359
0.0539375, -0.702213
0.0549375, -0.946359
0.0549375, -0.946359
0.0559375, -0.702213
0.057, -0.946359
0.057, -0.702213
0.0579375, -0.702213
0.0579375, -0.702213
0.0579375, -0.946359
0.0589375, -0.946359
0.0589375, -0.946359
0.0599375, -0.458071
0.0599375, -0.458071
0.0599375, -0.702213
0.0609375, -0.702213
0.0609375, -0.702213
0.062, -0.702213
0.062, -0.946359
0.0629375, -0.946359
0.0629375, -0.702213
0.0629375, -0.702213
0.0639375, -0.702213
0.0639375, -0.702213
0.065, -0.702213
0.065, -0.946359
0.065, -0.702213
0.0659375, -0.946359
0.0659375, -0.702213
0.0669375, -0.946359
0.0669375, -0.946359
0.0679375, -0.458071
0.0679375, -0.946359
0.0679375, -0.946359
0.0689375, -0.702213
0.0689375, -0.702213
0.07, -0.702213
0.07, -0.458071
0.07, -0.702213
0.0709375, -0.702213
0.0709375, -0.702213
0.0719375, -0.702213
0.0719375, -0.702213
0.073, -0.702213
0.073, -0.946359
0.073, -0.702213
0.0739375, -0.946359
0.0739375, -0.702213
0.075, -0.702213
0.075, -0.946359
0.075, -0.946359
0.0759375, -0.946359
0.0759375, -0.946359
0.0769375, -0.458071
0.0769375, -0.702213
0.078, -0.946359
0.078, -0.702213
0.078, -0.702213
0.0789375, -0.946359
0.0789375, -0.458071
0.0799375, -0.702213
0.0799375, -0.946359
0.0799375, -0.946359
0.0809375, -0.702213
0.0809375, -0.702213
0.0819375, -0.458071
0.0819375, -0.458071
0.083, -0.702213
0.083, -0.946359
0.083, -0.946359
0.0839375, -0.702213
0.0839375, -0.702213
0.0849375, -0.946359
0.0849375, -0.702213
0.0849375, -0.946359
0.086, -0.946359
0.086, -0.946359
0.0869375, -0.702213
0.0869375, -0.946359
0.088, -0.946359
0.088, -0.702213
0.088, -0.946359
0.0889375, -0.702213
0.0889375, -0.702213
0.0899375, -0.702213
0.0899375, -0.702213
0.0899375, -0.702213
0.091, -0.458071
0.091, -0.702213
0.0919375, -0.702213
0.0919375, -0.458071
0.0929375, -0.702213
0.0929375, -0.946359
0.0929375, -0.702213
0.0939375, -0.702213
0.0939375, -0.946359
0.0949375, -0.946359
0.0949375, -0.458071
0.0949375, -0.702213
0.096, -0.702213
0.096, -0.702213
0.0969375, -0.946359
0.0969375, -0.458071
0.0979375, -0.946359
0.0979375, -0.946359
0.0979375, -0.702213
0.099, -0.702213
0.099, -0.702213
0.0999375, -0.946359
0.0999375, -0.702213
0.0999375, -0.946359
0.101, -0.458071
0.101, -0.702213
0.101938, -0.702213
0.101938, -0.458071
0.101938, -0.702213
0.102937, -0.946359
0.102937, -0.458071
0.104, -0.702213
0.104, -0.946359
0.104937, -0.458071
0.104937, -0.702213
0.104937, -0.946359
0.105937, -0.702213
0.105937, -0.946359
0.106938, -0.702213
0.106938, -0.702213
0.106938, -0.946359
0.107937, -0.702213
0.107937, -0.946359
0.109, -0.458071
0.109, -0.702213
0.109937, -0.702213
0.110937, -0.946359
0.110937, -0.458071
0.112, -0.702213
0.112, -0.702213
0.112937, -0.702213
0.112937, -0.702213
0.112937, -0.946359
0.113937, -0.458071
0.113937, -0.946359
0.114937, -0.702213
0.114937, -0.702213
0.114937, -0.946359
0.115937, -0.702213
0.115937, -0.946359
0.117, -0.458071
0.117, -0.702213
0.117937, -0.946359
0.117937, -0.702213
0.117937, -0.702213
0.118937, -0.458071
0.118937, -0.946359
0.119937, -0.946359
0.119937, -0.458071
0.119937, -0.702213
0.120937, -0.702213
0.120937, -0.702213
0.122, -0.946359
0.122, -0.702213
0.122, -0.702213
0.122938, -0.702213
0.122938, -0.946359
0.123937, -0.702213
0.123937, -0.702213
0.125, -0.702213
0.125, -0.702213
0.125, -0.946359
0.125937, -0.946359
0.125937, -0.458071
0.126937, -0.702213
0.126937, -0.946359
0.126937, -0.702213
0.127937, -0.946359
0.127937, -0.946359
0.128937, -0.946359
0.128937, -0.702213
0.13, -0.702213
0.13, -0.458071
0.13, -0.946359
0.130937, -0.702213
0.130937, -0.946359
0.131938, -0.702213
0.131938, -0.946359
0.131938, -0.946359
0.132937, -0.946359
0.132937, -0.702213
0.133937, -0.702213
0.133937, -0.702213
0.135, -0.702213
0.135, -0.702213
0.135, -0.458071
0.135937, -0.702213
0.135937, -0.946359
0.136937, -0.458071
0.136937, -0.946359
0.136937, -0.702213
0.138, -0.946359
0.138, -0.946359
0.138937, -0.946359
0.138937, -0.702213
0.139937, -0.702213
0.139937, -0.702213
0.139937, -0.702213
0.140938, -0.702213
0.140938, -0.702213
0.141937, -0.458071
0.141937, -0.702213
0.141937, -0.702213
0.143, -0.458071
0.143, -0.702213
0.143937, -0.946359
0.143937, -0.458071
0.144937, -0.702213
0.144937, -0.946359
0.144937, -0.702213
0.145938, -0.702213
0.145938, -0.702213
0.146937, -0.458071
0.146937, -0.702213
0.146937, -0.946359
0.148, -0.458071
0.148, -0.702213
0.148937, -0.702213
0.148937, -0.702213
0.149937, -0.702213
0.149937, -0.946359
0.149937, -0.458071
0.151, -0.702213
0.151, -0.702213
0.151937, -0.458071
0.151937, -0.702213
0.151937, -0.702213
0.152937, -0.702213
0.152937, -0.702213
0.153937, -0.702213
0.153937, -0.702213
0.154938, -0.946359
0.154938, -0.702213
0.154938, -0.458071
0.156, -0.702213
0.156, -0.702213
0.156937, -0.458071
0.156937, -0.946359
0.156937, -0.946359
0.157937, -0.946359
0.157937, -0.702213
0.158937, -0.946359
0.158937, -0.946359
0.159938, -0.702213
0.159938, -0.946359
0.159938, -0.946359
0.161, -0.946359
0.161, -0.946359
0.161937, -0.946359
0.161937, -0.946359
0.161937, -0.702213
0.162937, -0.458071
0.162937, -0.946359
0.164, -0.946359
0.164, -0.702213
0.164937, -0.702213
0.164937, -0.702213
0.164937, -0.702213
0.165937, -0.702213
0.165937, -0.946359
0.166937, -0.702213
0.166937, -0.702213
0.166937, -0.702213
0.167937, -0.702213
0.167937, -0.946359
0.169, -0.946359
0.169, -0.702213
0.169, -0.702213
0.169937, -0.946359
0.169937, -0.946359
0.170937, -0.702213
0.170937, -0.946359
0.171937, -0.946359
0.171937, -0.702213
0.171937, -0.702213
0.172937, -0.702213
0.172937, -0.702213
0.174, -0.702213
0.174, -0.946359
0.174, -0.702213
0.174937, -0.946359
0.174937, -0.946359
0.175937, -0.702213
0.175937, -0.702213
0.177, -0.946359
0.177, -0.702213
0.177, -0.702213
0.177937, -0.946359
0.177937, -0.702213
0.178937, -0.702213
0.178937, -0.458071
0.178937, -0.702213
0.179937, -0.702213
0.179937, -0.458071
0.180937, -0.702213
0.180937, -0.946359
0.182, -0.946359
0.182, -0.702213
0.182, -0.702213
0.182938, -0.702213
0.182938, -0.702213
0.183937, -0.702213
0.183937, -0.458071
0.183937, -0.702213
0.184937, -0.702213
0.184937, -0.702213
0.185937, -0.702213
0.185937, -0.702213
0.187, -0.458071
0.187, -0.702213
0.187, -0.702213
0.187937, -0.702213
0.187937, -0.702213
0.188937, -0.702213
0.188937, -0.702213
0.188937, -0.946359
0.19, -0.946359
0.19, -0.702213
0.190937, -0.702213
0.190937, -0.946359
0.191938, -0.702213
0.191938, -0.946359
0.191938, -0.702213
0.192937, -0.702213
0.192937, -0.946359
0.193937, -0.702213
0.193937, -0.702213
0.193937, -0.702213
0.195, -0.946359
0.195, -0.458071
0.195937, -0.702213
0.195937, -0.702213
0.196938, -0.458071
0.196938, -0.702213
0.196938, -0.946359
0.198, -0.458071
0.198, -0.702213
0.198937, -0.702213
0.198937, -0.702213
0.198937, -0.702213
0.2, -0.702213
0.2, -0.702213
0.200937, -0.946359
0.200937, -0.702213
0.201937, -0.702213
0.201937, -0.702213
0.201937, -0.946359
0.203, -0.458071
0.203, -0.702213
0.203937, -0.946359
0.203937, -0.458071
0.203937, -0.946359
0.204937, -0.946359
0.204937, -0.946359
0.205938, -0.946359
0.205938, -0.946359
0.206938, -0.702213
0.206938, -0.702213
0.206938, -0.946359
0.208, -0.702213
0.208, -0.946359
0.208937, 0.518508
0.208937, 3.44823
0.208937, 6.37797
0.209937, 7.1104
0.209937, 6.86626
0.211, 11.0167
0.211, 13.7023
0.211, 15.1672
0.211937, 17.8527
0.211937, 20.5383
0.213, 24.9329
0.213, 29.8158
0.213937, 32.5014
0.213937, 36.6518
0.213937, 40.5581
0.214937, 44.9527
0.214937, 49.5915
0.216, 53.9861
0.216, 58.1366
0.216, 63.0194
0.217937, 80.1095
0.218937, 84.2599
0.218937, 88.1663
0.218937, 92.3167
0.219938, 96.2231
0.219938, 100.374
0.221, 103.791
0.221, 106.965
0.221, 109.407
0.221937, 110.872
0.221937, 111.604
0.222937, 112.092
0.222937, 112.825
0.224, 115.022
0.224, 115.51
0.224, 113.801
0.224937, 112.825
0.224937, 112.581
0.226, 112.581
0.226, 112.337
0.226, 110.139
0.226937, 108.674
0.226937, 108.186
0.227937, 105.5
0.227937, 103.791
0.229, 102.327
0.229, 99.641
0.229, 98.1762
0.229938, 96.4672
0.229938, 94.7581
0.230937, 93.2933
0.230937, 90.8518
0.230937, 88.6545
0.231937, 86.7014
0.231937, 84.5041
0.232937, 82.5509
0.232937, 80.5978
0.234, 78.8888
0.234, 76.9356
0.234, 75.2266
0.234937, 73.5176
0.234937, 71.5645
0.235937, 69.6113
0.235937, 67.414
0.235937, 65.705
0.237, 63.996
0.237, 62.0428
0.237937, 60.8221
0.237937, 59.1131
0.238937, 57.1599
0.238937, 55.6951
0.238937, 53.7419
0.239937, 52.2771
0.239937, 50.3239
0.240937, 48.3708
0.240937, 47.1501
0.240937, 45.9293
0.242, 44.2203
0.242, 42.9996
0.242938, 41.5347
0.242938, 40.314
0.243937, 39.0933
0.243937, 37.3843
0.243937, 36.4077
0.244937, 35.187
0.244937, 34.2104
0.245937, 32.7456
0.245937, 31.5248
0.245937, 30.5483
0.247, 29.3275
0.247, 28.8392
0.247937, 27.6185
0.247937, 26.3978
0.248937, 25.4212
0.248937, 24.4446
0.248937, 23.4681
0.25, 22.7356
0.25, 22.0032
0.250937, 21.0266
0.250937, 20.05
0.250937, 19.0735
0.251938, 18.5852
0.251938, 18.0969
0.252937, 17.3644
0.252937, 16.8762
0.252937, 15.8996
0.253937, 15.1672
0.253937, 14.923
0.255, 14.1906
0.255, 13.7023
0.255937, 13.214
0.255937, 12.7257
0.255937, 12.4816
0.256938, 11.7491
0.256938, 11.505
0.257937, 10.7726
0.257937, 10.2843
0.257937, 10.2843
0.258937, 10.0401
0.258937, 9.79599
0.26, 9.79599
0.26, 9.55184
0.260937, 9.3077
0.260937, 9.3077
0.260937, 9.06356
0.261937, 8.81941
0.261937, 9.06356
0.263, 8.81941
0.263, 8.33112
0.263, 8.33112
0.263937, 8.08698
0.263937, 7.84284
0.264937, 7.84284
0.264937, 7.59869
0.265937, 7.35454
0.265937, 7.84284
0.265937, 7.59869
0.266937, 7.35454
0.266937, 7.35454
0.268, 7.35454
0.268, 7.35454
0.268, 7.35454
0.268937, 7.35454
0.268937, 7.35454
0.269937, 7.1104
0.269937, 7.1104
0.270937, 6.86626
0.270937, 7.1104
0.270937, 6.86626
0.271937, 6.86626
0.271937, 6.62211
0.273, 6.86626
0.273, 6.86626
0.273, 6.86626
0.273937, 6.86626
0.273937, 6.62211
0.274938, 6.62211
0.274938, 6.86626
0.276, 6.86626
0.276, 6.62211
0.276, 6.37797
0.276937, 6.37797
0.276937, 6.86626
0.277937, 7.35454
0.277937, 6.37797
0.277937, 5.88968
0.278937, 6.13382
0.278937, 7.35454
0.279938, 7.35454
0.279938, 6.37797
0.281, 5.40139
0.281, 4.9131
0.281, 7.35454
0.281937, 8.33112
0.281937, 6.86626
0.282937, 5.88968
0.282937, 4.42482
0.282937, 5.40139
0.283937, 8.33112
0.283937, 7.84284
0.284937, 6.37797
0.284937, 5.40139
0.286, 4.42482
0.286, 5.88968
0.286, 8.33112
0.286937, 7.84284
0.286937, 6.86626
0.287937, 5.40139
0.287937, 4.42482
0.287937, 5.15725
0.289, 8.33112
0.289, 7.84284
0.289937, 7.1104
0.289937, 6.13382
0.290937, 4.9131
0.290937, 4.42482
0.290937, 5.88968
0.291937, 7.84284
0.291937, 7.84284
0.292937, 7.35454
0.292937, 6.37797
0.292937, 5.40139
0.294, 4.66896
0.294, 4.9131
0.294937, 7.1104
0.294937, 7.35454
0.295937, 7.35454
0.295937, 6.86626
0.295937, 6.37797
0.296937, 5.40139
0.296937, 4.42482
0.297938, 4.9131
0.297938, 5.88968
0.297938, 6.62211
0.299, 6.86626
0.299, 6.62211
0.299937, 6.13382
0.299937, 5.88968
0.300937, 5.40139
0.300937, 4.9131
0.300937, 4.42482
0.302, 4.9131
0.302, 5.88968
0.302938, 6.62211
0.302938, 6.86626
0.302938, 6.37797
0.303937, 6.37797
0.303937, 6.86626
0.304937, 6.86626
0.304937, 5.88968
0.305937, 4.9131
0.305937, 4.18067
0.305937, 3.93653
0.307, 5.40139
0.307, 6.37797
0.307938, 6.62211
0.307938, 7.1104
0.307938, 8.08698
0.308937, 8.81941
0.308937, 9.06356
0.309937, 9.3077
0.309937, 8.81941
0.309937, 8.81941
0.310937, 9.06356
0.310937, 8.57527
0.312, 8.81941
0.312, 8.57527
0.312937, 8.08698
0.312937, 7.84284
0.312937, 7.35454
0.313937, 7.35454
0.313937, 7.35454
0.315, 7.84284
0.315, 7.84284
0.315, 8.33112
0.315937, 8.81941
0.315937, 9.3077
0.316937, 9.55184
0.316937, 9.79599
0.317937, 11.2609
0.317937, 12.2374
0.317937, 12.7257
0.318937, 13.7023
0.318937, 13.7023
0.32, 13.7023
0.32, 13.7023
0.32, 13.214
0.320938, 12.2374
0.320938, 11.505
0.321937, 11.2609
0.321937, 11.2609
0.323, 11.2609
0.323, 11.7491
0.323, 11.7491
0.323937, 12.2374
0.323937, 13.214
0.325, 13.9464
0.325, 15.1672
0.325, 15.6554
0.325938, 15.8996
0.325938, 16.1437
0.326937, 15.4113
0.326937, 14.6789
0.328, 14.1906
0.328, 13.7023
0.328, 13.4582
0.328937, 13.214
0.328937, 12.7257
0.329937, 12.7257
0.329937, 13.214
0.329937, 13.214
0.330938, 13.7023
0.330938, 14.1906
0.331937, 14.1906
0.331937, 14.6789
0.333, 15.1672
0.333, 14.923
0.333, 14.6789
0.333937, 13.7023
0.333937, 13.4582
0.334937, 13.214
0.334937, 13.214
0.334937, 13.214
0.336, 13.4582
0.336, 13.7023
0.336937, 13.7023
0.336937, 13.7023
0.338, 13.7023
0.338, 14.1906
0.338, 14.1906
0.338937, 14.1906
0.338937, 13.4582
0.339937, 13.214
0.339937, 12.7257
0.339937, 12.7257
0.341, 12.4816
0.341, 12.2374
0.341937, 11.9933
0.341937, 11.7491
0.342937, 11.7491
0.342937, 11.7491
0.342937, 11.7491
0.343937, 11.505
0.343937, 11.2609
0.344937, 11.2609
0.344937, 11.2609
0.344937, 10.7726
0.346, 10.7726
0.346, 10.2843
0.346937, 9.79599
0.346937, 9.79599
0.347937, 9.55184
0.347937, 9.3077
0.347937, 9.06356
0.349, 8.33112
0.349, 8.08698
0.349937, 8.33112
0.349937, 7.84284
0.349937, 7.84284
0.351, 7.84284
0.351, 7.84284
0.351937, 7.35454
0.351937, 6.86626
0.352937, 6.37797
0.352937, 5.40139
0.352937, 4.9131
0.354, 4.42482
0.354, 3.69238
0.354937, 2.95995
0.354937, 2.95995
0.354937, 2.22751
0.355937, 1.49509
0.355937, 1.49509
0.356937, 1.0068
0.356937, 0.518508
0.356937, 0.762653
0.357937, 1.0068
0.357937, 1.0068
0.359, 1.0068
0.359, 0.518508
0.359937, -0.458071
0.359937, -0.702213
0.359937, -1.43465
0.360937, -1.92294
0.360937, -1.43465
0.362, 0.03022
0.362, -0.458071
0.362, -0.458071
0.362937, -0.702213
0.362937, -1.1905
0.363937, -0.946359
0.363937, -0.946359
0.364937, -0.946359
0.364937, -0.458071
0.364937, -0.458071
0.365937, -0.458071
0.365937, -0.702213
0.367, -0.702213
0.367, -0.946359
0.367, -0.702213
0.367937, -0.946359
0.367937, -0.702213
0.368937, -0.458071
0.368937, -0.458071
0.369937, -0.702213
0.369937, -0.458071
0.369937, -0.458071
0.370937, -0.946359
0.370937, -0.946359
0.372, -0.946359
0.372, -0.702213
0.372, -0.946359
0.372937, -0.702213
0.372937, -0.702213
0.373937, -0.458071
0.373937, -0.702213
0.375, -0.702213
0.375, -0.702213
0.375, -0.946359
0.375937, -0.702213
0.375937, -0.458071
0.376938, -0.702213
0.376938, -0.702213
0.376938, -0.702213
0.377937, -0.458071
0.377937, -0.702213
0.378937, -0.946359
0.378937, -0.702213
0.38, -0.946359
0.38, -0.458071
0.38, -0.702213
0.380937, -0.702213
0.380937, -0.702213
0.381938, -0.702213
0.381938, -0.702213
0.381938, -0.458071
0.382937, -0.702213
0.382937, -0.702213
0.383937, -0.702213
0.383937, -0.702213
0.385, -0.946359
0.385, -0.702213
0.385, -0.458071
0.385937, -0.946359
0.385937, -0.702213
0.386938, -0.702213
0.386938, -0.946359
0.386938, -0.702213
0.388, -0.946359
0.388, -0.702213
0.388937, -0.702213
0.388937, -0.946359
0.389937, -0.946359
0.389937, -0.946359
0.389937, -0.702213
0.390937, -0.702213
0.390937, -0.702213
0.391937, -0.702213
0.391937, -0.946359
0.391937, -0.946359
0.393, -0.702213
0.393, -0.946359
0.393937, -0.458071
0.393937, -0.702213
0.394937, -0.702213
0.394937, -0.458071
0.394937, -0.702213
0.395937, -0.702213
0.395937, -0.702213
0.396937, -0.946359
0.396937, -0.702213
0.396937, -0.946359
0.398, -0.946359
0.398, -0.702213
0.398937, -0.458071
0.398937, -0.458071
0.399938, -0.946359
0.399938, -0.946359
0.399938, -0.702213
0.401, -0.702213
0.401, -0.946359
0.401937, -0.458071
0.401937, -0.702213
0.401937, -0.946359
0.402937, -0.946359
0.402937, -0.702213
0.403937, -1.1905
0.403937, -0.946359
0.403937, -0.702213
0.404938, -0.946359
0.404938, -0.702213
0.406, -0.946359
0.406, -0.702213
0.406938, -0.702213
0.406938, -0.946359
0.406938, -0.946359
0.407937, -0.458071
0.407937, -0.702213
0.408937, -0.946359
0.408937, -0.458071
0.408937, -0.702213
0.409937, -0.458071
0.409937, -0.458071
0.411, -0.946359
0.411, -0.946359
0.411937, -0.702213
0.411937, -0.946359
0.411937, -0.702213
0.412937, -0.702213
0.412937, -0.946359
0.414, -0.458071
0.414, -0.702213
0.414, -0.702213
0.414937, -0.702213
0.414937, -0.702213
0.415937, -0.702213
0.415937, -0.946359
0.416937, -0.946359
0.416937, -0.946359
0.416937, -0.702213
0.417937, -0.702213
0.417937, -0.946359
0.419, -0.702213
0.419, -0.702213
0.419, -0.946359
0.419938, -0.458071
0.419938, -0.702213
0.420937, -0.702213
0.420937, -0.458071
0.421937, -0.458071
0.421937, -0.946359
0.421937, -0.946359
0.422937, -0.946359
0.422937, -0.946359
0.424, -0.702213
0.424, -0.702213
0.424, -0.702213
0.424937, -0.946359
0.424937, -0.702213
0.425937, -0.458071
0.425937, -0.458071
0.427, -0.702213
0.427, -0.702213
0.427, -0.946359
0.427938, -0.702213
0.427938, -0.702213
0.428937, -0.702213
0.428937, -0.702213
0.428937, -0.946359
0.429937, -0.702213
0.429937, -0.702213
0.430937, -0.702213
0.433937, -0.946359
0.433937, -0.946359
0.433937, -0.458071
0.434937, -0.702213
0.434937, -0.458071
0.435937, -0.702213
0.435937, -0.702213
0.435937, -0.946359
0.437, -0.702213
0.437, -0.946359
0.437937, -0.702213
0.437937, -0.946359
0.438937, -0.702213
0.438937, -0.702213
0.438937, -0.702213
0.44, -0.702213
0.44, -0.702213
0.440937, -0.946359
0.440937, -0.946359
0.440937, -0.702213
0.441937, -0.946359
0.441937, -0.702213
0.442937, -0.702213
0.442937, -0.946359
0.443937, -0.458071
0.443937, -0.946359
0.443937, -0.702213
0.445, -0.946359
0.445, -0.946359
0.445938, -0.946359
0.445938, -0.946359
0.445938, -0.702213
0.446937, -0.702213
0.446937, -0.702213
0.448, -0.702213
0.448, -0.702213
0.448937, -0.702213
0.448937, -0.946359
0.448937, -0.946359
0.45, -0.702213
0.45, -0.702213
0.450938, -0.702213
0.450938, -0.702213
0.450938, -0.946359
0.451937, -0.702213
0.451937, -0.702213
0.453, -0.702213
0.453, -0.702213
0.453937, -0.946359
0.453937, -0.458071
0.453937, -0.702213
0.454937, -0.946359
0.454937, -0.702213
0.455937, -0.702213
0.455937, -0.946359
0.455937, -0.702213
0.456937, -0.946359
0.456937, -0.946359
0.458, -0.702213
0.458, -1.1905
0.458937, -0.946359
0.458937, -0.946359
0.458937, -0.946359
0.459937, -0.702213
0.459937, -0.946359
0.461, -0.458071
0.461, -0.702213
0.461, -0.946359
0.461937, -0.702213
0.461937, -0.458071
0.463, -0.946359
0.463, -0.702213
0.463937, -0.702213
0.463937, -0.702213
0.463937, -0.458071
0.464937, -0.946359
0.464937, -0.702213
0.466, -0.458071
0.466, -0.702213
0.466, -0.946359
0.466937, -0.702213
0.466937, -0.702213
0.467937, -0.946359
0.467937, -0.458071
0.468937, -0.702213
0.468937, -0.702213
0.468937, -0.458071
0.469937, -0.946359
0.469937, -0.946359
0.471, -0.702213
0.471, -0.702213
0.471, -0.946359
0.471937, -0.702213
0.471937, -0.702213
0.472937, -0.702213
0.472937, -0.702213
0.474, -0.946359
0.474, -0.946359
0.474, -0.702213
0.474937, -1.1905
0.474937, -0.702213
0.476, -0.702213
0.476, -0.702213
0.476, -0.946359
0.476937, -0.702213
0.476937, -0.702213
0.477937, -0.946359
0.477937, -0.702213
0.479, -0.702213
0.479, -0.458071
0.479, -0.702213
0.479937, -1.1905
0.479937, -0.702213
0.480937, -0.702213
0.480937, -0.458071
0.480937, -0.946359
0.481937, -0.946359
0.481937, -0.702213
0.482937, -0.702213
0.482937, -0.702213
0.484, -0.702213
0.484, -0.702213
0.484, -0.702213
0.484937, -0.946359
0.484937, -0.702213
0.485938, -0.702213
0.485938, -0.702213
0.485938, -0.946359
0.487, -0.458071
0.487, -0.702213
0.487937, -0.702213
0.487937, -0.458071
0.488937, -0.702213
0.488937, -0.946359
0.488937, -0.946359
0.489937, -0.946359
0.489937, -0.702213
0.490937, -0.702213
0.490937, -0.702213
0.490937, -0.702213
0.492, -0.702213
0.492, -0.946359
0.492937, -0.702213
0.492937, -0.702213
0.493937, -0.458071
0.493937, -0.946359
0.493937, -0.702213
0.494937, -0.946359
0.494937, -0.946359
0.495937, -0.946359
0.495937, -0.946359
0.495937, -0.946359
0.497, -0.946359
0.497, -0.702213
0.497937, -0.702213
0.497937, -0.702213
0.497937, -0.702213
0.498938, -0.702213
0.498938, -0.458071
0.5, -0.702213
0.5, -0.946359
0.500937, -0.702213
0.500937, -0.702213
0.500937, -0.946359
0.501937, -0.458071
0.501937, -0.702213
0.502937, -0.946359
0.502937, -0.702213
0.502937, -0.702213
0.503937, -0.946359
0.503937, -0.458071
0.505, -0.946359
0.505, -0.946359
0.505937, -0.946359
0.505937, -0.702213
0.505937, -0.946359
0.506938, -0.702213
0.506938, -0.946359
0.507937, -0.946359
0.507937, -0.702213
0.507937, -0.702213
0.508937, -0.946359
0.508937, -0.702213
0.51, -0.946359
0.51, -0.946359
0.510937, -0.702213
0.510937, -0.946359
0.510937, -0.702213
0.511937, -0.946359
0.511937, -0.702213
0.513, -0.702213
0.513, -0.702213
0.513, -0.946359
0.513937, -0.702213
0.513937, -0.702213
0.514937, -0.458071
0.514937, -0.702213
0.515937, -0.946359
0.515937, -0.946359
0.515937, -0.458071
0.516937, -0.702213
0.516937, -1.43465
0.518, -0.702213
0.518, -0.946359
0.518, -0.946359
0.518937, -0.946359
0.518937, -0.946359
0.519938, -0.946359
0.519938, -0.946359
0.520937, -0.702213
0.520937, -0.946359
0.520937, -0.946359
0.521937, -0.702213
0.521937, -0.946359
0.523, -0.702213
0.523, -0.946359
0.523, -0.702213
0.523937, -0.702213
0.523937, -0.946359
0.524937, -0.946359
0.524937, -0.946359
0.526, -0.702213
0.526, -0.946359
0.526, -0.946359
0.526937, -0.946359
0.526937, -0.702213
0.527937, -0.458071
0.527937, -0.702213
0.527937, -0.458071
0.528937, -0.702213
0.528937, -0.702213
0.529938, -0.946359
0.529938, -0.946359
0.531, -0.702213
0.531, -0.946359
0.531, -0.946359
0.531937, -0.702213
0.531937, -0.946359
0.532938, -0.946359
0.532938, -0.946359
0.532938, -0.702213
0.533937, -0.946359
0.533937, -0.702213
0.534937, -0.946359
0.534937, -0.946359
0.536, -0.458071
0.536, -0.702213
0.536, -0.946359
0.536937, -0.946359
0.536937, -0.702213
0.537937, -0.702213
0.537937, -0.458071
0.537937, -0.702213
0.539, -0.702213
0.539, -0.702213
0.539937, -0.946359
0.539937, -0.702213
0.540937, -0.946359
0.540937, -0.702213
0.540937, -0.702213
0.541937, -0.458071
0.541937, -0.946359
0.542938, -0.946359
0.542938, -0.702213
0.542938, -0.702213
0.544, -0.702213
0.544, -0.702213
0.544937, -0.946359
0.544937, -0.946359
0.544937, -0.946359
0.545937, -0.702213
0.545937, -0.946359
0.546937, -0.702213
0.546937, -0.702213
0.547937, -0.946359
0.547937, -0.458071
0.547937, -0.946359
0.549, -0.702213
0.549, -0.458071
0.549937, -0.702213
0.549937, -0.946359
0.549937, -0.946359
0.550937, -0.702213
0.550937, -0.946359
0.552, -0.458071
0.552, -0.702213
0.552938, -0.946359
0.552938, -0.946359
0.552938, -0.458071
0.553937, -0.946359
0.553937, -0.458071
0.554937, -0.946359
0.554937, -0.702213
0.554937, -0.702213
0.555938, -0.946359
0.555938, -0.946359
0.557, -0.458071
0.557, -0.946359
0.557937, -0.702213
0.557937, -0.702213
0.557937, -0.702213
0.558937, -0.946359
0.558937, -0.702213
0.559937, -0.946359
0.559937, -0.946359
0.559937, -0.458071
0.560937, -0.702213
0.560937, -0.702213
0.562, -0.702213
0.562, -0.702213
0.562937, -0.702213
0.562937, -0.946359
0.562937, -0.702213
0.563937, -0.702213
0.563937, -0.702213
0.565, -0.702213
0.565, -0.702213
0.565, -0.702213
0.565938, -0.702213
0.565938, -0.702213
0.566937, -0.702213
0.566937, -0.946359
0.567937, -0.702213
0.567937, -0.702213
0.567937, -0.946359
0.568937, -0.458071
0.568937, -0.702213
0.57, -0.702213
0.57, -0.946359
0.57, -0.946359
0.570937, -0.702213
0.570937, -0.946359
0.571937, -0.946359
0.571937, -0.702213
0.573, -0.946359
0.573, -0.946359
0.573, -0.946359
0.573937, -0.702213
0.573937, -0.702213
0.575, -0.702213
0.575, -0.702213
0.575, -0.702213
0.575938, -0.946359
0.575938, -0.702213
0.576937, -0.702213
0.576937, -0.946359
0.578, -0.946359
0.578, -0.702213
0.578, -0.946359
0.578937, -0.702213
0.578937, -0.702213
0.579937, -0.702213
0.579937, -0.702213
0.579937, -0.702213
0.580937, -0.702213
0.580937, -0.702213
0.581937, -0.946359
0.581937, -0.702213
0.583, -0.702213
0.583, -0.702213
0.583, -1.1905
0.583937, -0.946359
0.583937, -0.946359
0.584937, -0.702213
0.584937, -0.946359
0.584937, -0.946359
0.586, -0.946359
0.586, -0.702213
0.586937, -0.702213
0.586937, -0.946359
0.588, -0.946359
0.588, -0.702213
0.588, -0.702213
0.588938, -0.702213
0.588938, -0.702213
0.589937, -0.946359
0.589937, -0.702213
0.589937, -0.458071
0.591, -0.702213
0.591, -0.946359
0.591937, -0.946359
0.591937, -0.946359
0.592937, -0.946359
0.592937, -0.702213
0.592937, -0.702213
0.593937, -0.946359
0.593937, -0.946359
0.594937, -0.946359
0.594937, -0.946359
0.594937, -0.458071
0.596, -0.702213
0.596, -0.702213
0.596937, -0.946359
0.596937, -0.702213
0.596937, -0.946359
0.597937, -0.702213
0.597937, -0.702213
0.599, -0.946359
0.599, -0.702213
0.599937, -1.1905
0.599937, -0.946359
0.599937, -0.702213
0.601, -0.946359
0.601, -0.946359
0.601937, -0.702213
0.601937, -0.946359
0.601937, -0.702213
0.602937, -0.946359
0.602937, -0.946359
0.604, -0.946359
0.604, -0.946359
0.604937, -0.946359
0.604937, -0.702213
0.604937, -0.702213
0.605937, -0.946359
0.605937, -0.702213
0.606937, -0.946359
0.606937, -0.702213
0.606937, -0.702213
0.607937, -0.946359
0.607937, -0.946359
0.609, -0.702213
0.609, -0.702213
0.609937, -0.946359
0.609937, -0.702213
0.609937, -0.702213
0.610937, -0.702213
0.610937, -0.702213
0.612, -0.702213
0.612, -0.702213
0.612, -0.702213
0.612937, -0.946359
0.612937, -0.946359
0.613937, -0.702213
0.613937, -0.946359
0.614937, -0.702213
0.614937, -0.702213
0.614937, -0.702213
0.615937, -0.946359
0.615937, -0.946359
0.617, -0.946359
0.617, -0.946359
0.617, -0.946359
0.617937, -0.946359
0.617937, -0.946359
0.618937, -0.702213
0.618937, -0.946359
0.619937, -0.946359
0.619937, -0.702213
0.619937, -0.702213
0.620937, -0.946359
0.620937, -0.702213
0.622, -0.702213
0.622, -0.702213
0.622, -0.946359
0.622937, -0.946359
0.622937, -0.946359
0.623937, -0.702213
0.623937, -0.702213
0.625, -0.946359
0.625, -0.702213
0.625, -0.458071
0.625937, -0.946359
0.625937, -0.946359
0.626937, -0.946359
0.626937, -1.1905
0.626937, -0.702213
0.627937, -0.946359
0.627937, -0.702213
0.628937, -0.702213
0.628937, -0.946359
0.63, -0.946359
0.63, -0.946359
0.63, -0.702213
0.630937, -0.946359
0.630937, -0.946359
0.631938, -0.946359
0.631938, -0.702213
0.631938, -0.702213
0.632937, -0.702213
0.632937, -0.946359
0.633937, -0.702213
0.633937, -0.702213
0.635, -0.946359
0.635, -0.946359
0.635, -0.946359
0.635937, -0.702213
0.635937, -0.702213
0.636937, -0.946359
0.636937, -0.702213
0.636937, -0.702213
0.638, -0.702213
0.638, -0.702213
0.638937, -0.946359
0.638937, -0.458071
0.639937, -0.946359
0.639937, -0.702213
0.639937, -0.458071
0.640937, -0.946359
0.640937, -0.702213
0.641937, -0.702213
0.641937, -0.702213
0.641937, -0.946359
0.643, -0.946359
0.643, -0.702213
0.643937, -0.702213
0.643937, -0.946359
0.643937, -0.702213
0.644938, -0.702213
0.644938, -0.946359
0.645937, -0.946359
0.645937, -0.946359
0.646937, -0.946359
0.646937, -0.702213
0.646937, -0.946359
0.648, -0.702213
0.648, -0.702213
0.648937, -0.702213
0.648937, -0.702213
0.648937, -0.702213
0.649937, -0.702213
0.649937, -0.702213
0.651, -0.702213
0.651, -0.702213
0.651937, -0.458071
0.651937, -0.946359
0.651937, -0.702213
0.652937, -0.702213
0.652937, -0.702213
0.653937, -0.946359
0.653937, -0.458071
0.653937, -0.702213
0.654938, -0.946359
0.654938, -0.702213
0.656, -0.946359
0.656, -0.702213
0.656937, -0.946359
0.656937, -0.702213
0.656937, -0.946359
0.657938, -0.702213
0.657938, -0.702213
0.658937, -0.702213
0.658937, -0.702213
0.658937, -0.946359
0.659937, -0.946359
0.659937, -0.702213
0.661, -0.702213
0.661, -0.702213
0.661937, -0.702213
0.661937, -0.946359
0.661937, -0.702213
0.662937, -0.702213
0.662937, -0.702213
0.664, -0.946359
0.664, -0.702213
0.664, -0.702213
0.664937, -0.458071
0.664937, -0.702213
0.665937, -0.946359
0.665937, -0.702213
0.666937, -0.702213
0.666937, -0.702213
0.666937, -0.702213
0.667938, -0.702213
0.667938, -0.702213
0.669, -0.946359
0.669, -0.946359
0.669, -0.702213
0.669937, -0.946359
0.669937, -0.702213
0.670937, -0.702213
0.670937, -0.702213
0.671937, -0.946359
0.671937, -0.946359
0.671937, -0.702213
0.672937, -0.946359
0.672937, -0.702213
0.674, -0.946359
0.674, -0.946359
0.674, -0.946359
0.674937, -0.946359
0.674937, -0.702213
0.675937, -0.946359
0.675937, -0.946359
0.677, -0.946359
0.677, -0.702213
0.677, -0.458071
0.677938, -0.946359
0.677938, -0.702213
0.678937, -0.702213
0.678937, -0.702213
0.678937, -0.946359
0.679937, -0.946359
0.679937, -0.946359
0.680938, -0.702213
0.680938, -0.946359
0.682, -0.702213
0.682, -0.946359
0.682, -0.702213
0.682937, -0.702213
0.682937, -0.458071
0.683937, -0.702213
0.683937, -0.702213
0.683937, -0.702213
0.684937, -0.702213
0.684937, -0.702213
0.685937, -0.946359
0.685937, -0.946359
0.687, -0.946359
0.687, -0.946359
0.687, -0.946359
0.687937, -0.702213
0.687937, -0.702213
0.688937, -0.702213
0.688937, -0.702213
0.688937, -0.946359
0.69, -0.702213
0.69, -0.702213
0.690938, -0.946359
0.690938, -0.702213
0.691937, -0.702213
0.691937, -0.702213
0.691937, -0.946359
0.692937, -0.702213
0.692937, -0.702213
0.693937, -0.458071
0.693937, -0.702213
0.693937, -1.1905
0.695, -0.946359
0.695, -0.946359
0.695937, -0.702213
0.695937, -0.946359
0.695937, -0.946359
0.696937, -0.458071
0.696937, -0.946359
0.698, -0.458071
0.698, -0.702213
0.698937, -0.946359
0.698937, -0.702213
0.698937, -0.702213
0.7, -0.946359
0.7, -0.946359
0.700938, -0.946359
0.700938, -0.702213
0.700938, -0.458071
0.701937, -0.946359
0.701937, -0.946359
0.703, -0.458071
0.703, -0.702213
0.703937, -0.946359
0.703937, -0.458071
0.703937, -0.702213
0.704937, -0.946359
0.704937, -0.458071
0.705937, -0.946359
0.705937, -0.702213
0.705937, -0.946359
0.706937, -0.702213
0.706937, -0.946359
0.708, -0.702213
0.708, -0.458071
0.708937, -0.702213
0.708937, -0.458071
0.708937, -0.702213
0.709937, -0.946359
0.709937, -0.458071
0.711, -0.702213
0.711, -0.946359
0.711, -0.458071
0.711937, -0.702213
0.711937, -0.946359
0.713, -0.702213
0.713, -0.702213
0.713938, -0.702213
0.713938, -0.702213
0.713938, -0.702213
0.714937, -0.946359
0.714937, -0.458071
0.716, -0.702213
0.716, -0.458071
0.716, -0.702213
0.716937, -0.946359
0.716937, -0.702213
0.717937, -0.702213
0.717937, -0.946359
0.718937, -0.702213
0.718937, -0.946359
0.718937, -0.946359
0.719937, -0.946359
0.719937, -0.702213
0.721, -0.946359
0.721, -0.946359
0.721, -0.702213
0.721937, -0.702213
0.721937, -0.946359
0.722937, -0.702213
0.722937, -1.1905
0.724, -0.702213
0.724, -0.702213
0.724, -1.1905
0.724937, -0.946359
0.724937, -0.702213
0.726, -0.946359
0.726, -0.702213
0.726, -0.702213
0.726937, -0.946359
0.726937, -0.702213
0.727937, -0.946359
0.727937, -0.702213
0.729, -0.702213
0.729, -0.702213
0.729, -0.702213
0.729937, -0.946359
0.729937, -0.702213
0.730937, -0.946359
0.730937, -0.702213
0.730937, -0.946359
0.731937, -0.946359
0.731937, -0.946359
0.732937, -0.702213
0.732937, -0.946359
0.734, -0.946359
0.734, -0.946359
0.734, -0.946359
0.734937, -0.702213
0.734937, -0.946359
0.735937, -0.946359
0.735937, -0.702213
0.735937, -0.702213
0.737, -0.946359
0.737, -0.946359
0.737937, -0.946359
0.737937, -0.946359
0.738937, -0.702213
0.738937, -0.946359
0.738937, -0.458071
0.739937, -0.702213
0.739937, -0.946359
0.740937, -0.946359
0.740937, -0.702213
0.740937, -0.946359
0.742, -0.702213
0.742, -0.702213
0.742937, -0.946359
0.742937, -0.946359
0.743937, -0.458071
0.743937, -0.702213
0.743937, -0.946359
0.744937, -0.946359
0.744937, -0.702213
0.745937, -0.946359
0.745937, -0.946359
0.745937, -0.702213
0.747, -0.946359
0.747, -0.946359
0.747937, -0.458071
0.747937, -0.702213
0.747937, -0.946359
0.748937, -0.458071
0.748937, -0.946359
0.75, -0.702213
0.75, -0.702213
0.750937, -0.702213
0.750937, -0.946359
0.750937, -0.702213
0.751937, -0.946359
0.751937, -0.702213
0.752937, -0.458071
0.752937, -0.946359
0.752937, -0.702213
0.753937, -0.702213
0.753937, -0.702213
0.755, -0.702213
0.755, -0.458071
0.755937, -0.458071
0.755937, -0.702213
0.755937, -0.458071
0.756938, -0.458071
0.756938, -0.946359
0.757937, -0.458071
0.757937, -0.946359
0.757937, -0.946359
0.758937, -0.946359
0.758937, -0.946359
0.76, -0.702213
0.76, -0.458071
0.760937, -0.702213
0.760937, -0.946359
0.760937, -0.702213
0.761937, -0.946359
0.761937, -0.946359
0.763, -0.946359
0.763, -0.702213
0.763, -0.702213
0.763937, -0.702213
0.763937, -0.946359
0.764937, -0.702213
0.764937, -0.702213
0.765937, -0.702213
0.765937, -0.702213
0.765937, -0.946359
0.766937, -0.946359
0.766937, -0.702213
0.768, -0.946359
0.768, -0.702213
0.768, -0.946359
0.768937, -0.946359
0.768937, -0.946359
0.769938, -0.946359
0.769938, -0.702213
0.770937, -0.946359
0.770937, -0.702213
0.770937, -0.702213
0.771937, -0.946359
0.771937, -0.702213
0.773, -0.702213
0.773, -0.946359
0.773, -0.702213
0.773937, -0.702213
0.773937, -1.1905
0.774937, -0.702213
0.774937, -0.702213
0.776, -0.702213
0.776, -0.946359
0.776, -0.702213
0.776937, -0.702213
0.776937, -0.946359
0.777937, -0.702213
0.777937, -0.946359
0.777937, -0.946359
0.778937, -0.702213
0.778937, -0.946359
0.779938, -0.702213
0.779938, -0.458071
0.781, -0.946359
0.781, -0.946359
0.781, -0.702213
0.781937, -0.702213
0.781937, -0.946359
0.782938, -0.946359
0.782938, -0.702213
0.782938, -0.702213
0.783937, -0.946359
0.783937, -0.946359
0.784937, -0.702213
0.784937, -0.946359
0.786, -0.946359
0.786, -0.946359
0.786, -0.702213
0.786937, -0.946359
0.786937, -0.702213
0.787937, -0.702213
0.787937, -0.946359
0.787937, -0.702213
0.789, -0.702213
0.789, -0.946359
0.789937, -0.702213
0.789937, -0.458071
0.790937, -0.702213
0.790937, -0.946359
0.790937, -0.458071
0.791937, -0.702213
0.791937, -0.702213
0.792938, -0.702213
0.792938, -0.458071
0.792938, -0.946359
0.794, -0.702213
0.794, -0.702213
0.794937, -0.946359
0.794937, -0.702213
0.795937, -0.702213
0.795937, -0.702213
0.795937, -0.702213
0.796937, -0.702213
0.796937, -0.946359
0.797937, -0.458071
0.797937, -0.946359
0.797937, -0.946359
0.799, -0.702213
0.799, -0.702213
0.799937, -0.946359
0.799937, -0.702213
0.799937, -0.702213
0.800937, -0.702213
0.800937, -0.702213
0.802, -0.702213
0.802, -0.946359
0.802938, -0.702213
0.802938, -0.702213
0.802938, -0.946359
0.803937, -0.458071
0.803937, -0.702213
0.804937, -0.702213
0.804937, -0.458071
0.804937, -0.946359
0.805938, -0.702213
0.805938, -0.458071
0.807, -0.702213
0.807, -0.946359
0.807937, -0.458071
0.807937, -0.702213
0.807937, -0.702213
0.808937, -0.702213
0.808937, -0.946359
0.809937, -0.946359
0.809937, -0.458071
0.809937, -0.702213
0.810937, -0.946359
0.810937, -0.458071
0.812, -0.946359
0.812, -0.702213
0.812938, -0.458071
0.812938, -0.946359
0.812938, -0.946359
0.813937, -0.702213
0.813937, -0.946359
0.815, -0.702213
0.815, -0.458071
0.815, -0.946359
0.815938, -0.946359
0.815938, -0.946359
0.816937, -0.702213
0.816937, -0.946359
0.817937, -0.946359
0.817937, -0.946359
0.817937, -0.702213
0.818937, -0.702213
0.818937, -0.946359
0.82, -0.702213
0.82, -0.458071
0.82, -0.702213
0.820937, -0.702213
0.820937, -0.702213
0.821937, -0.946359
0.821937, -0.702213
0.823, -0.702213
0.823, -0.702213
0.823, -0.702213
0.823937, -0.702213
0.823937, -0.946359
0.825, -0.946359
0.825, -0.946359
0.825, -0.702213
0.825937, -0.702213
0.825937, -0.458071
0.826937, -0.946359
0.826937, -0.702213
0.828, -0.702213
0.828, -0.702213
0.828, -0.946359
0.828937, -0.702213
0.828937, -0.946359
0.829937, -0.702213
0.829937, -0.702213
0.829937, -0.946359
0.830937, -0.946359
0.830937, -0.702213
0.831937, -0.702213
0.831937, -0.946359
0.833, -0.458071
0.833, -0.702213
0.833, -0.946359
0.833937, -0.946359
0.833937, -0.946359
0.834937, -0.946359
0.834937, -0.702213
0.834937, -0.946359
0.836, -0.946359
0.836, -0.702213
0.836937, -0.702213
0.836937, -0.946359
0.838, -0.702213
0.838, -0.458071
0.838, -0.702213
0.838938, -0.702213
0.838938, -0.946359
0.839937, -0.702213
0.839937, -0.702213
0.839937, -0.702213
0.841, -0.946359
0.841, -0.702213
0.841937, -0.458071
0.841937, -0.946359
0.842937, -0.702213
0.842937, -0.702213
0.842937, -0.946359
0.843937, -0.458071
0.843937, -0.946359
0.844937, -0.702213
0.844937, -0.702213
0.844937, -0.702213
0.846, -0.946359
0.846, -0.702213
0.846937, -0.702213
0.846937, -0.946359
0.846937, -0.946359
0.847937, -0.702213
0.847937, -0.946359
0.849, -0.946359
0.849, -0.702213
0.849937, -0.946359
0.849937, -0.458071
0.849937, -0.702213
0.851, -0.946359
0.851, -0.946359
0.851937, -0.702213
0.851937, -0.946359
0.851937, -0.946359
0.852938, -0.946359
0.852938, -0.946359
0.854, -0.702213
0.854, -0.702213
0.854937, -0.946359
0.854937, -0.458071
0.854937, -0.946359
0.855937, -0.946359
0.855937, -0.702213
0.856937, -0.458071
0.856937, -0.702213
0.856937, -0.702213
0.857937, -0.702213
0.857937, -0.702213
0.859, -0.702213
0.859, -0.702213
0.862937, -0.458071
0.863937, -0.702213
0.863937, -0.946359
0.864937, -0.702213
0.864937, -0.702213
0.864937, -0.702213
0.865937, -0.946359
0.865937, -0.946359
0.867, -0.702213
0.867, -0.702213
0.867937, -0.702213
0.867937, -0.946359
0.867937, -0.702213
0.868937, -0.702213
0.868937, -0.702213
0.869937, -0.946359
0.869937, -0.946359
0.869937, -0.702213
0.870937, -0.702213
0.870937, -0.702213
0.872, -0.702213
0.872, -0.702213
0.872937, -0.946359
0.872937, -0.702213
0.872937, -0.946359
0.873937, -1.1905
0.873937, -0.702213
0.875, -0.702213
0.875, -0.946359
0.875, -0.702213
0.875937, -0.946359
0.875937, -1.43465
0.876937, -0.702213
0.876937, -0.702213
0.877937, -0.702213
0.877937, -0.702213
0.877937, -0.702213
0.878938, -0.702213
0.878938, -0.702213
0.88, -0.946359
0.88, -0.946359
0.88, -0.946359
0.880937, -0.702213
0.880937, -1.1905
0.881938, -0.946359
0.881938, -0.946359
0.882937, -0.702213
0.882937, -0.946359
0.882937, -0.702213
0.883937, -0.946359
0.883937, -0.946359
0.885, -0.702213
0.885, -0.702213
0.885, -0.702213
0.885938, -0.946359
0.885938, -0.702213
0.886937, -0.946359
0.886937, -0.946359
0.888, -0.702213
0.888, -0.702213
0.888, -0.946359
0.888937, -0.946359
0.888937, -0.946359
0.889937, -0.946359
0.889937, -0.702213
0.889937, -0.702213
0.890937, -0.702213
0.890937, -0.702213
0.891937, -0.458071
0.891937, -0.702213
0.893, -0.702213
0.893, -0.702213
0.893, -0.946359
0.893937, -0.702213
0.893937, -0.702213
0.894938, -0.946359
0.894938, -0.946359
0.894938, -0.946359
0.895937, -0.702213
0.895937, -0.702213
0.896937, -0.702213
0.896937, -0.702213
0.898, -0.946359
0.898, -0.946359
0.898, -0.458071
0.898937, -0.458071
0.898937, -0.702213
0.899937, -0.702213
0.899937, -0.702213
0.899937, -0.946359
0.901, -0.702213
0.901, -0.946359
0.901937, -0.946359
0.901937, -0.946359
0.901937, -0.946359
0.902937, -0.702213
0.902937, -0.702213
0.903937, -0.946359
0.903937, -0.946359
0.904938, -0.946359
0.904938, -0.458071
0.904938, -0.946359
0.906, -0.702213
0.906, -0.946359
0.906937, -0.946359
0.906937, -0.702213
0.906937, -0.702213
0.907938, -0.702213
0.907938, -0.458071
0.908937, -0.702213
0.908937, -0.702213
0.909937, -0.946359
0.909937, -0.702213
0.909937, -0.702213
0.911, -0.702213
0.911, -0.946359
0.911938, -0.946359
0.911938, -0.702213
0.911938, -0.702213
0.912937, -0.946359
0.912937, -0.946359
0.914, -0.702213
0.914, -0.702213
0.914937, -0.702213
0.914937, -0.702213
0.914937, -0.946359
0.915937, -0.458071
0.915937, -0.702213
0.916937, -0.702213
0.916937, -0.702213
0.916937, -0.702213
0.917937, -0.702213
0.917937, -0.458071
0.919, -0.458071
0.919, -0.946359
0.919937, -0.946359
0.919937, -0.702213
0.919937, -0.946359
0.920937, -0.946359
0.920937, -0.702213
0.921937, -0.702213
0.921937, -0.702213
0.921937, -0.946359
0.922937, -0.702213
0.922937, -0.702213
0.924, -0.702213
0.924, -0.946359
0.924937, -0.702213
0.924937, -0.702213
0.924937, -0.946359
0.925937, -0.702213
0.925937, -0.702213
0.927, -0.946359
0.927, -0.946359
0.927, -0.702213
0.927938, -0.702213
0.927938, -0.458071
0.928937, -0.702213
0.928937, -0.702213
0.929937, -0.458071
0.929937, -0.702213
0.929937, -0.946359
0.930938, -0.946359
0.930938, -0.946359
0.932, -0.946359
0.932, -0.702213
0.932, -0.946359
0.932937, -0.702213
0.932937, -0.702213
0.933937, -0.946359
0.933937, -0.702213
0.934937, -0.702213
0.934937, -0.702213
0.934937, -0.946359
0.935937, -0.946359
0.935937, -0.946359
0.937, -0.946359
0.937, -0.702213
0.937, -0.946359
0.937938, -0.702213
0.937938, -0.702213
0.938937, -0.946359
0.938937, -0.702213
0.94, -0.702213
0.94, -0.702213
0.94, -0.702213
0.940938, -0.946359
0.940938, -0.946359
0.941937, -0.702213
0.941937, -0.946359
0.941937, -0.702213
0.942937, -0.702213
0.942937, -0.458071
0.943937, -0.702213
0.943937, -0.946359
0.945, -0.946359
0.945, -0.946359
0.945, -0.702213
0.945937, -0.702213
0.945937, -0.946359
0.946937, -0.946359
0.946937, -0.458071
0.946937, -0.702213
0.948, -0.946359
0.948, -0.946359
0.948937, -0.946359
0.948937, -0.702213
0.948937, -0.946359
0.95, -0.702213
0.95, -0.946359
0.950937, -0.702213
0.950937, -0.702213
0.951937, -0.946359
0.951937, -0.946359
0.951937, -0.702213
0.953, -0.702213
0.953, -0.946359
0.953937, -0.702213
0.953937, -0.946359
0.953937, -0.946359
0.954937, -0.702213
0.954937, -0.702213
0.955937, -0.702213
0.955937, -0.702213
0.956937, -0.702213
0.956937, -0.458071
0.956937, -0.946359
0.958, -0.702213
0.958, -0.702213
0.958937, -0.702213
0.958937, -0.458071
0.958937, -0.702213
0.959937, -0.702213
0.959937, -0.702213
0.961, -0.458071
0.961, -0.702213
0.961937, -0.702213
0.961937, -0.946359
0.961937, -0.702213
0.963, -0.946359
0.963, -0.702213
0.963938, -0.702213
0.963938, -0.702213
0.963938, -0.458071
0.964937, -0.702213
0.964937, -0.702213
0.966, -0.946359
0.966, -0.946359
0.966937, -0.702213
0.966937, -0.946359
0.966937, -0.702213
0.967937, -0.946359
0.967937, -0.702213
0.968937, -0.702213
0.968937, -0.702213
0.968937, -0.458071
0.969937, -0.702213
0.969937, -0.458071
0.971, -0.946359
0.971, -0.702213
0.971937, -0.946359
0.971937, -0.702213
0.971937, -0.702213
0.972937, -0.702213
0.972937, -0.702213
0.974, -0.946359
0.974, -0.946359
0.974, -0.702213
0.974937, -0.702213
0.974937, -0.946359
0.976, -0.946359
0.976, -0.702213
0.976937, -0.702213
0.976937, -0.946359
0.976937, -0.702213
0.977938, -0.702213
0.977938, -0.702213
0.979, -0.702213
0.979, -0.946359
0.979, -0.702213
0.979937, -0.702213
0.979937, -0.702213
0.980937, -0.702213
0.980937, -0.702213
0.981937, -0.702213
0.981937, -0.702213
0.981937, -0.702213
0.982937, -0.458071
0.982937, -0.946359
0.984, -0.702213
0.984, -0.946359
0.984, -0.702213
0.984937, -0.702213
0.984937, -0.946359
0.985937, -0.458071
0.985937, -0.702213
0.987, -0.702213
0.987, -0.458071
0.987, -0.702213
0.987937, -0.946359
0.987937, -0.702213
0.988937, -0.458071
0.988937, -0.702213
0.988937, -0.946359
0.989937, -0.702213
0.989937, -0.702213
0.990937, -0.702213
0.990937, -0.702213
0.992, -0.702213
0.992, -0.702213
0.992, -0.702213
0.992937, -0.702213
0.992937, -0.946359
0.993937, -0.702213
0.993937, -0.702213
0.993937, -0.702213
0.994937, -0.702213
0.994937, -0.702213
0.995937, -0.702213
0.995937, -0.702213
0.995937, -0.946359
0.997, -0.458071
0.997, -0.702213
0.997937, -0.946359
0.997937, -0.458071
0.998937, -0.702213
0.998937, -0.946359
0.998937, -0.946359
1.0, -0.702213
1.0, -0.702213
1.00094, -0.702213
1.00094, -0.946359
1.00094, -0.702213
1.00194, -0.458071
1.00194, -0.702213
1.00294, -0.702213
1.00294, -0.458071
1.00394, -0.702213
1.00394, -0.946359
1.00394, -0.702213
1.005, -0.458071
1.005, -0.702213
1.00594, -0.702213
1.00594, -0.702213
1.00594, -0.702213
1.00694, -0.702213
1.00694, -0.946359
1.00794, -0.702213
1.00794, -0.458071
1.00894, -0.946359
1.00894, -0.702213
1.00894, -0.458071
1.01, -0.702213
1.01, -0.702213
1.01094, -0.702213
1.01094, -0.946359
1.01094, -0.946359
1.01194, -0.702213
1.01194, -0.702213
1.013, -0.702213
1.013, -0.702213
1.01394, -0.702213
1.01394, -0.702213
1.01394, -0.702213
1.01494, -0.946359
1.01494, -0.702213
1.01594, -0.702213
1.01594, -0.702213
1.01594, -0.946359
1.01694, -0.946359
1.01694, -0.946359
1.018, -0.702213
1.018, -0.702213
1.01894, -0.702213
1.01894, -0.946359
1.01894, -0.702213
1.01994, -0.946359
1.01994, -0.946359
1.02094, -0.702213
1.02094, -0.946359
1.02094, -0.946359
1.02194, -0.946359
1.02194, -0.458071
1.023, -0.702213
1.023, -0.702213
1.02394, -0.946359
1.02394, -0.702213
1.02394, -0.458071
1.02494, -0.702213
1.02494, -0.946359
1.026, -0.702213
1.026, -0.946359
1.026, -0.702213
1.02694, -0.946359
1.02694, -0.702213
1.02794, -0.702213
1.02794, -0.702213
1.02894, -0.946359
1.02894, -0.946359
1.02894, -0.702213
1.02994, -0.702213
1.02994, -0.946359
1.031, -0.702213
1.031, -0.702213
1.031, -0.946359
1.03194, -0.946359
1.03194, -0.702213
1.03294, -0.702213
1.03294, -0.458071
1.03394, -0.702213
1.03394, -0.702213
1.03394, -0.702213
1.03494, -0.702213
1.03494, -0.702213
1.036, -0.458071
1.036, -0.702213
1.036, -0.946359
1.03694, -0.458071
1.03694, -0.702213
1.03794, -0.702213
1.03794, -0.702213
1.03794, -0.946359
1.039, -0.702213
1.039, -0.946359
1.03994, -0.458071
1.03994, -0.702213
1.04094, -0.702213
1.04094, -0.946359
1.04094, -0.702213
1.04194, -0.946359
1.04194, -0.946359
1.04294, -0.702213
1.04294, -0.946359
1.04294, -0.702213
1.044, -0.702213
1.044, -0.946359
1.04494, -0.946359
1.04494, -0.946359
1.04594, -0.458071
1.04594, -0.702213
1.04594, -0.946359
1.04694, -0.458071
1.04694, -0.458071
1.04794, -0.946359
1.04794, -0.946359
1.04794, -0.702213
1.049, -0.946359
1.049, -0.946359
1.04994, -0.702213
1.04994, -0.946359
1.05094, -0.702213
1.05094, -0.946359
1.05094, -0.702213
1.052, -0.458071
1.052, -0.458071
1.05294, -0.702213
1.05294, -0.458071
1.05294, -0.946359
1.05394, -0.702213
1.05394, -0.946359
1.05494, -0.702213
1.05494, -0.702213
1.05594, -0.702213
1.05594, -0.946359
1.05594, -0.702213
1.057, -0.458071
1.057, -0.946359
1.05794, -0.946359
1.05794, 0.03022
1.05794, -0.946359
1.05894, -0.946359
1.05894, -0.946359
1.05994, -0.702213
1.05994, -0.946359
1.06094, -0.946359
1.06094, -0.702213
1.06094, -0.946359
1.062, -0.458071
1.062, -0.946359
1.06294, -0.946359
1.06294, -0.702213
1.06294, -0.946359
1.06394, -0.946359
1.06394, -0.946359
1.065, -0.702213
1.065, -0.702213
1.06594, -0.946359
1.06594, -0.702213
1.06594, -0.702213
1.06694, -0.702213
1.06694, -0.702213
1.06794, -0.946359
1.06794, -0.946359
1.06794, -0.946359
1.06894, -0.946359
1.06894, -0.702213
1.07, -0.702213
1.07, -0.702213
1.07094, -1.43465
1.07094, -0.702213
1.07094, -0.946359
1.07194, -0.946359
1.07194, -0.702213
1.073, -0.702213
1.073, -0.946359
1.073, -0.946359
1.07394, -0.702213
1.07394, -0.458071
1.075, -0.946359
1.075, -0.946359
1.07594, -0.946359
1.07594, -0.702213
1.07594, -0.946359
1.07694, -0.702213
1.07694, -0.702213
1.078, -0.702213
1.078, -0.946359
1.078, -0.946359
1.07894, -0.946359
1.07894, -0.946359
1.07994, -0.946359
1.07994, -0.702213
1.08094, -0.702213
1.08094, -0.702213
1.08094, -0.702213
1.08194, -0.702213
1.08194, -0.702213
1.083, -0.702213
1.083, -0.702213
1.083, -0.946359
1.08394, -0.702213
1.08394, -0.702213
1.08494, -0.946359
1.08494, -0.702213
1.086, -0.702213
1.086, -0.702213
1.086, -0.702213
1.08694, -0.946359
1.08694, -0.946359
1.088, -0.702213
1.088, -0.702213
1.088, -0.946359
1.08894, -0.702213
1.08894, -0.702213
1.08994, -0.702213
1.08994, -0.946359
1.08994, -0.702213
1.091, -0.946359
1.091, -0.702213
1.09194, -0.946359
1.09194, -0.702213
1.09294, -0.702213
1.09294, -0.946359
1.09294, -0.946359
1.09394, -0.702213
1.09394, -0.702213
1.09494, -0.946359
1.09494, -0.702213
1.09494, -0.702213
1.096, -1.1905
1.096, -0.702213
1.09694, -0.458071
1.09694, -0.702213
1.09794, -0.702213
1.09794, -0.702213
1.09794, -0.946359
1.099, -0.946359
1.099, -0.946359
1.09994, -0.946359
1.09994, -0.946359
1.09994, -0.946359
1.101, -0.702213
1.101, -0.946359
1.10194, -0.702213
1.10194, -0.946359
1.10294, -0.702213
1.10294, -0.946359
1.10294, -0.702213
1.104, -0.702213
1.104, -0.946359
1.10494, -0.702213
1.10494, -0.946359
1.10494, -0.946359
1.10594, -0.946359
1.10594, -0.946359
1.10694, -0.702213
1.10694, -0.458071
1.10794, -0.946359
1.10794, -0.946359
1.10794, -0.702213
1.109, -0.946359
1.109, -0.946359
1.10994, -0.458071
1.10994, -0.702213
1.10994, -0.946359
1.11094, -0.702213
1.11094, -0.946359
1.112, -0.946359
1.112, -0.458071
1.11294, -0.702213
1.11294, -0.946359
1.11294, -0.946359
1.11394, -0.702213
1.11394, -0.702213
1.11494, -0.702213
1.11494, -0.702213
1.11494, -1.1905
1.11594, -0.946359
1.11594, -0.702213
1.117, -0.702213
1.117, -0.946359
1.11794, -0.946359
1.11794, -0.946359
1.11794, -0.458071
1.11894, -0.946359
1.11894, -0.946359
1.11994, -0.702213
1.11994, -0.702213
1.11994, -0.946359
1.12094, -0.946359
1.12094, -0.946359
1.122, -0.946359
1.122, -0.946359
1.12294, -0.702213
1.12294, -0.702213
1.12294, -0.946359
1.12394, -0.946359
1.12394, -0.946359
1.125, -0.702213
1.125, -0.702213
1.125, -1.1905
1.12594, -0.702213
1.12594, -0.946359
1.12694, -0.702213
1.12694, -0.946359
1.12794, -0.946359
1.12794, -0.702213
1.12794, -0.946359
1.12894, -0.702213
1.12894, -0.702213
1.13, -0.702213
1.13, -0.946359
1.13, -0.702213
1.13094, -0.946359
1.13094, -0.702213
1.13194, -0.946359
1.13194, -0.946359
1.13294, -0.702213
1.13294, -0.946359
1.13294, -0.946359
1.13394, -0.702213
1.13394, -0.702213
1.135, -0.702213
1.135, -0.702213
1.135, -0.702213
1.13594, -0.946359
1.13594, -0.946359
1.13694, -0.946359
1.13694, -0.946359
1.13694, -0.946359
1.138, -0.702213
1.138, -0.946359
1.13894, -0.458071
1.13894, -0.702213
1.13994, -0.946359
1.13994, -0.458071
1.13994, -0.946359
1.14094, -0.702213
1.14094, -0.458071
1.14194, -0.946359
1.14194, -0.946359
1.14194, -0.946359
1.143, -0.946359
1.143, -0.946359
1.14394, -0.458071
1.14394, -0.458071
1.14494, -0.702213
1.14494, -0.458071
1.14494, -0.702213
1.14594, -0.946359
1.14594, -0.702213
1.14694, -0.946359
1.14694, -0.702213
1.14694, -0.702213
1.148, -0.702213
1.148, -0.946359
1.14894, -0.458071
1.14894, -0.702213
1.14994, -0.946359
1.14994, -0.702213
1.14994, -0.946359
1.151, -0.702213
1.151, -0.702213
1.15194, -0.702213
1.15194, -0.702213
1.15194, -0.946359
1.15294, -0.946359
1.15294, -0.946359
1.15394, -0.946359
1.15394, -0.702213
1.15494, -0.702213
1.15494, -0.702213
1.15494, -0.946359
1.156, -0.702213
1.156, -0.702213
1.15694, -0.946359
1.15694, -0.702213
1.15694, -0.946359
1.15794, -0.946359
1.15794, -0.946359
1.15894, -0.946359
1.15894, -0.946359
1.15994, -0.702213
1.15994, -0.946359
1.15994, -0.946359
1.161, -0.946359
1.161, -0.946359
1.16194, -0.458071
1.16194, -0.702213
1.16194, -0.946359
1.16294, -0.702213
1.16294, -0.702213
1.164, -0.702213
1.164, -0.946359
1.16494, -0.702213
1.16494, -0.946359
1.16494, -0.946359
1.16594, -0.702213
1.16594, -0.946359
1.16694, -0.458071
1.16694, -0.702213
1.16694, -0.702213
1.16794, -0.702213
1.16794, -0.946359
1.169, -0.946359
1.169, -1.43465
1.16994, -0.702213
1.16994, -0.946359
1.16994, -0.946359
1.17094, -0.702213
1.17094, -0.702213
1.17194, -0.458071
1.17194, -0.946359
1.17194, -0.946359
1.17294, -0.946359
1.17294, -0.702213
1.174, -0.946359
1.174, -0.946359
1.17494, -0.946359
1.17494, -0.702213
1.17494, -0.946359
1.17594, -0.458071
1.17594, -0.702213
1.177, -0.702213
1.177, -0.702213
1.177, -0.702213
1.17794, -0.946359
1.17794, -0.702213
1.17894, -0.702213
1.17894, -1.43465
1.17994, -0.702213
1.17994, -0.946359
1.17994, -0.702213
1.18094, -0.946359
1.18094, -0.946359
1.182, -0.946359
1.182, -0.946359
1.182, -0.702213
1.18294, -0.702213
1.18294, -0.946359
1.18394, -0.702213
1.18394, -0.946359
1.18494, -0.946359
1.18494, -0.946359
1.18494, -0.702213
1.18594, -0.946359
1.18594, -0.702213
1.187, -0.702213
1.187, -0.702213
1.187, -0.702213
1.18794, -0.946359
1.18794, -0.702213
1.18894, -0.946359
1.18894, -0.702213
1.19, -0.702213
1.19, -0.946359
1.19, -0.702213
1.19094, -0.946359
1.19094, -0.946359
1.19194, -0.946359
1.19194, -0.946359
1.19194, -0.702213
1.19294, -0.702213
1.19294, -0.946359
1.19394, -0.946359
1.19394, -0.946359
1.19394, -0.946359
1.195, -0.946359
1.195, -0.702213
1.19594, -0.946359
1.19594, -0.946359
1.19694, -0.946359
1.19694, -0.946359
1.19694, -0.702213
1.198, -0.946359
1.198, -0.946359
1.19894, -0.946359
1.19894, -0.702213
1.19894, -0.702213
1.2, -0.702213
1.2, -0.946359
1.20094, -0.702213
1.20094, -0.946359
1.20194, -0.702213
1.20194, -0.946359
1.20194, -0.946359
1.203, -0.702213
1.203, -0.946359
1.20394, -0.946359
1.20394, -0.946359
1.20394, -0.946359
1.20494, -0.946359
1.20494, -0.946359
1.20594, -0.946359
1.20594, -0.946359
1.20694, -0.458071
1.20694, -0.702213
1.20694, -0.946359
1.208, -0.702213
1.208, -0.702213
1.20894, -0.702213
1.20894, -0.458071
1.20894, -0.702213
1.20994, -0.702213
1.20994, -0.458071
1.211, -0.702213
1.211, -0.702213
1.21194, -0.702213
1.21194, -0.946359
1.21194, -0.702213
1.213, -0.702213
1.213, -0.946359
1.21394, -0.946359
1.21394, -0.946359
1.21394, -0.702213
1.21494, -0.702213
1.21494, -0.946359
1.216, -0.702213
1.216, -0.702213
1.21694, -0.458071
1.21694, -0.702213
1.21694, -0.702213
1.21794, -0.702213
1.21794, -0.702213
1.21894, -0.946359
1.21894, -0.946359
1.21894, -0.946359
1.21994, -0.946359
1.21994, -0.946359
1.221, -0.946359
1.221, -0.946359
1.22194, -0.458071
1.22194, -0.946359
1.22194, -0.702213
1.22294, -0.458071
1.22294, -0.458071
1.224, -0.702213
1.224, -0.946359
1.224, -0.702213
1.22494, -0.946359
1.22494, -0.946359
1.226, -0.946359
1.226, -0.702213
1.22694, -0.946359
1.22694, -0.946359
1.22694, -0.946359
1.22794, -0.458071
1.22794, -0.702213
1.229, -0.702213
1.229, -0.458071
1.229, -0.946359
1.22994, -0.702213
1.22994, -0.946359
1.23094, -0.458071
1.23094, -0.702213
1.23194, -0.702213
1.23194, -0.702213
1.23194, -0.946359
1.23294, -0.458071
1.23294, -0.702213
1.234, -0.946359
1.234, -0.702213
1.234, -0.946359
1.23494, -0.702213
1.23494, -0.702213
1.23594, -0.946359
1.23594, -0.946359
1.237, -0.946359
1.237, -0.946359
1.237, -0.702213
1.23794, -1.1905
1.23794, -0.946359
1.23894, -0.702213
1.23894, -0.946359
1.23894, -0.702213
1.23994, -0.702213
1.23994, -0.702213
1.24094, -0.702213
1.24094, -0.946359
1.242, -0.702213
1.242, -0.946359
1.242, -0.458071
1.24294, -0.946359
1.24294, -0.702213
1.24394, -0.458071
1.24394, -0.946359
1.24394, -0.946359
1.24494, -0.702213
1.24494, -0.702213
1.24594, -0.946359
1.24594, -0.702213
1.24594, -1.1905
1.247, -0.702213
1.247, -0.702213
1.24794, -0.702213
1.24794, -0.946359
1.24894, -0.946359
1.24894, -0.702213
1.24894, -0.946359
1.25, -0.702213
1.25, -0.702213
1.25094, -0.946359
1.25094, -0.702213
1.25094, -0.946359
1.25194, -0.702213
1.25194, -0.946359
1.25294, -0.702213
1.25294, -0.946359
1.25394, -0.946359
1.25394, -0.702213
1.25394, -0.946359
1.255, -0.946359
1.255, -0.946359
1.25594, -0.702213
1.25594, -0.702213
1.25594, -0.946359
1.25694, -0.702213
1.25694, -0.946359
1.25794, -0.702213
1.25794, -0.946359
1.25894, -0.702213
1.25894, -0.702213
1.25894, -0.702213
1.26, -0.702213
1.26, -0.702213
1.26094, -0.702213
1.26094, -0.946359
1.26094, -0.946359
1.26194, -0.702213
1.26194, -0.946359
1.263, -0.702213
1.263, -0.702213
1.26394, -0.702213
1.26394, -0.946359
1.26394, -0.946359
1.26494, -0.946359
1.26494, -0.458071
1.26594, -0.946359
1.26594, -0.702213
1.26594, -0.946359
1.26694, -0.946359
1.26694, -0.946359
1.268, -0.702213
1.268, -0.702213
1.26894, -0.946359
1.26894, -0.946359
1.26894, -0.702213
1.26994, -0.946359
1.26994, -0.702213
1.27094, -0.702213
1.27094, -0.946359
1.27094, -0.702213
1.27194, -0.458071
1.27194, -0.702213
1.273, -0.946359
1.273, -0.946359
1.27394, -0.702213
1.27394, -0.458071
1.27394, -0.702213
1.27494, -0.702213
1.27494, -0.458071
1.276, -0.702213
1.276, -0.946359
1.276, -0.458071
1.27694, -0.702213
1.27694, -0.946359
1.27794, -0.458071
1.27794, -0.702213
1.27894, -0.702213
1.27894, -0.702213
1.27894, -0.702213
1.27994, -0.946359
1.27994, -0.702213
1.281, -0.702213
1.281, -0.946359
1.281, -0.702213
1.28194, -0.946359
1.28194, -0.946359
1.28294, -0.702213
1.28294, -0.946359
1.28394, -0.946359
1.28394, -0.946359
1.28394, -0.946359
1.28494, -0.946359
1.28494, -0.458071
1.286, -0.702213
1.286, -0.946359
1.286, -0.946359
1.28694, -0.946359
1.28694, -0.702213
1.28794, -0.946359
1.28794, -0.946359
1.289, -0.702213
1.289, -0.702213
1.289, -0.702213
1.28994, -0.702213
1.28994, -0.946359
1.29094, -0.702213
1.29094, -0.702213
1.29094, -1.1905
1.29194, -0.702213
1.29194, -0.458071
1.29294, -0.702213
1.29294, -0.946359
1.294, -0.946359
1.294, -0.946359
1.294, -0.702213
1.29494, -0.946359
1.29494, -0.702213
1.29594, -0.946359
1.29594, -0.946359
1.29594, -0.946359
1.29694, -0.946359
1.29694, -0.702213
1.29794, -0.946359
1.29794, -0.946359
1.29794, -0.702213
1.299, -0.946359
1.299, -0.702213
1.29994, -0.946359
1.29994, -0.946359
1.30094, -0.946359
1.30094, -0.702213
1.30094, -0.946359
1.302, -0.946359
1.302, -0.946359
1.30294, -0.946359
1.30294, -0.702213
1.30294, -0.946359
1.30394, -0.946359
1.30394, -0.702213
1.30494, -0.702213
1.30494, -0.702213
1.30594, -0.702213
1.30594, -0.702213
1.30594, -0.946359
1.307, -0.702213
1.307, -0.946359
1.30794, -0.458071
1.30794, -0.946359
1.30794, -0.702213
1.30894, -0.946359
1.30894, -0.702213
1.30994, -0.946359
1.30994, -0.946359
1.31094, -0.702213
1.31094, -0.702213
1.31094, -0.702213
1.312, -0.702213
1.312, -0.946359
1.31294, -0.458071
1.31294, -0.946359
1.31294, -0.946359
1.31394, -0.946359
1.31394, -0.702213
1.315, -0.702213
1.315, -0.458071
1.31594, -0.702213
1.31594, -0.946359
1.31594, -0.458071
1.31694, -0.702213
1.31694, -0.702213
1.31794, -0.458071
1.31794, -0.946359
1.31794, -0.702213
1.31894, -0.458071
1.31894, -0.946359
1.32, -0.946359
1.32, -0.946359
1.32094, -0.458071
1.32094, -0.702213
1.32094, -0.458071
1.32194, -0.702213
1.32194, -0.702213
1.323, -0.458071
1.323, -0.702213
1.323, -0.702213
1.32394, -0.702213
1.32394, -0.702213
1.325, -0.702213
1.325, -0.458071
1.32594, -0.702213
1.32594, -0.946359
1.32594, -0.702213
1.32694, -0.702213
1.32694, -0.946359
1.328, -0.702213
1.328, -0.702213
1.328, -0.702213
1.32894, -0.458071
1.32894, -0.702213
1.32994, -0.946359
1.32994, -0.458071
1.33094, -0.702213
1.33094, -0.702213
1.33094, -0.458071
1.33194, -0.946359
1.33194, -0.702213
1.333, -0.702213
1.333, -0.458071
1.333, -0.946359
1.33394, -0.946359
1.33394, -0.702213
1.33494, -0.702213
1.33494, -0.702213
1.336, -0.946359
1.336, -0.702213
1.336, -0.946359
1.33694, -0.702213
1.33694, -0.702213
1.338, -0.946359
1.338, -0.946359
1.338, -0.946359
1.33894, -0.946359
1.33894, -0.702213
1.33994, -0.702213
1.33994, -0.946359
1.341, -0.702213
1.341, -0.702213
1.341, -0.458071
1.34194, -0.946359
1.34194, -0.702213
1.34294, -0.946359
1.34294, -0.702213
1.34294, -0.702213
1.34394, -0.702213
1.34394, -0.702213
1.34494, -0.946359
1.34494, -0.946359
1.34494, -0.946359
1.346, -0.702213
1.346, -0.946359
1.34694, -0.702213
1.34694, -0.702213
1.34794, -0.458071
1.34794, -0.702213
1.34794, -0.702213
1.349, -0.946359
1.349, -0.946359
1.34994, -0.946359
1.34994, -0.946359
1.34994, -0.702213
1.351, -0.946359
1.351, -0.702213
1.35194, -0.702213
1.35194, -0.946359
1.35294, -0.702213
1.35294, -0.702213
1.35294, -0.702213
1.354, -0.946359
1.354, -0.702213
1.35494, -0.946359
1.35494, -0.946359
1.35494, -0.946359
1.35594, -0.946359
1.35594, -0.458071
1.35694, -0.702213
1.35694, -0.702213
1.35794, -0.946359
1.35794, -0.946359
1.35794, -0.946359
1.359, -0.702213
1.359, -0.458071
1.35994, -0.702213
1.35994, -0.458071
1.35994, -0.458071
1.36094, -0.946359
1.36094, -0.946359
1.362, -0.702213
1.362, -0.946359
1.36294, -0.702213
1.36294, -0.702213
1.36294, -0.702213
1.36394, -0.458071
1.36394, -0.946359
1.36494, -0.946359
1.36494, -0.458071
1.36494, -0.702213
1.36594, -0.702213
1.36594, -0.458071
1.367, -0.702213
1.367, -0.946359
1.36794, -0.946359
1.36794, -0.458071
1.36794, -0.946359
1.36894, -0.458071
1.36894, -0.946359
1.36994, -0.702213
1.36994, -0.702213
1.36994, -0.946359
1.37094, -0.946359
1.37094, -0.458071
1.372, -0.702213
1.372, -0.946359
1.37294, -0.458071
1.37294, -0.702213
1.37294, -0.702213
1.37394, -0.702213
1.37394, -0.702213
1.375, -0.946359
1.375, -0.702213
1.375, -0.702213
1.37594, -0.702213
1.37594, -0.702213
1.37694, -0.946359
1.37694, -0.702213
1.37794, -0.458071
1.37794, -0.702213
1.37794, -0.946359
1.37894, -0.458071
1.37894, -0.946359
1.38, -0.946359
1.38, -0.702213
1.38, -0.946359
1.38094, -0.702213
1.38094, -0.702213
1.38194, -0.946359
1.38194, -0.702213
1.38294, -0.458071
1.38294, -0.946359
1.38294, -0.702213
1.38394, -0.458071
1.38394, -0.702213
1.385, -0.702213
1.385, -0.458071
1.385, -0.702213
1.38594, -0.702213
1.38594, -0.458071
1.38694, -0.946359
1.38694, -0.946359
1.388, -0.946359
1.388, -0.702213
1.388, -0.702213
1.38894, -0.702213
1.38894, -0.946359
1.38994, -1.1905
1.38994, -0.702213
1.38994, -0.702213
1.39094, -0.702213
1.39094, -0.946359
1.39194, -0.702213
1.39194, -0.458071
1.39194, -0.946359
1.393, -0.946359
1.393, -0.946359
1.39394, -0.946359
1.39394, -0.702213
1.39494, -0.946359
1.39494, -0.946359
1.39494, -0.702213
1.39594, -0.946359
1.39594, -0.946359
1.39694, -0.702213
1.39694, -0.946359
1.39694, -0.946359
1.398, -0.946359
1.398, -0.702213
1.39894, -0.946359
1.39894, -0.702213
1.39994, -0.702213
1.39994, -0.946359
1.39994, -0.702213
1.401, -0.946359
1.401, -0.946359
1.40194, -0.946359
1.40194, -0.946359
1.40194, -0.702213
1.40294, -0.702213
1.40294, -0.946359
1.40394, -0.702213
1.40394, -0.946359
1.40494, -0.702213
1.40494, -0.458071
1.40494, -0.946359
1.406, -0.702213
1.406, -0.702213
1.40694, -0.702213
1.40694, -0.946359
1.40694, -0.702213
1.40794, -0.946359
1.40794, -0.946359
1.40894, -0.458071
1.40894, -0.702213
1.40994, -0.702213
1.40994, -0.458071
1.40994, -0.946359
1.411, -0.702213
1.411, -0.702213
1.41194, -0.946359
1.41194, -0.946359
1.41194, -0.702213
1.41294, -0.702213
1.41294, -0.702213
1.414, -0.458071
1.414, -0.702213
1.41494, -0.702213
1.41494, -0.458071
1.41494, -0.702213
1.41594, -0.946359
1.41594, -0.702213
1.41694, -0.702213
1.41694, -0.946359
1.41694, -0.458071
1.41794, -0.702213
1.41794, -0.946359
1.419, -0.458071
1.419, -0.702213
1.41994, -0.946359
1.41994, -0.458071
1.41994, -0.702213
1.42094, -0.702213
1.42094, -0.458071
1.42194, -0.946359
1.42194, -0.702213
1.42194, -0.458071
1.42294, -0.702213
1.42294, -0.702213
1.424, -0.946359
1.424, -0.702213
1.42494, -0.946359
1.42494, -0.458071
1.42494, -0.946359
1.42594, -0.702213
1.42594, -0.458071
1.427, -0.702213
1.427, -0.946359
1.427, -0.458071
1.42794, -0.702213
1.42794, -0.702213
1.42894, -0.458071
1.42894, -0.702213
1.42994, -0.946359
1.42994, -0.702213
1.42994, -0.702213
1.43094, -0.946359
1.43094, -0.946359
1.432, -0.702213
1.432, -0.946359
1.432, -0.702213
1.43294, -0.702213
1.43294, -0.946359
1.43394, -0.702213
1.43394, -0.946359
1.43494, -0.946359
1.43494, -0.702213
1.43494, -0.702213
1.43594, -0.946359
1.43594, -0.458071
1.437, -0.458071
1.437, -0.458071
1.437, -0.702213
1.43794, -0.702213
1.43794, -0.946359
1.43894, -0.702213
1.43894, -0.702213
1.44, -0.702213
1.44, -0.946359
1.44, -0.702213
1.44094, -0.946359
1.44094, -0.702213
1.44194, -0.702213
1.44194, -0.702213
1.44194, -0.702213
1.44294, -0.702213
1.44294, -0.946359
1.44394, -0.946359
1.44394, -0.702213
1.44394, -0.702213
1.445, -0.458071
1.445, -0.702213
1.44594, -0.946359
1.44594, -0.458071
1.44694, -0.946359
1.44694, -0.946359
1.44694, -0.946359
1.448, -0.946359
1.448, -0.946359
1.44894, -0.458071
1.44894, -0.946359
1.44894, -0.946359
1.45, -0.458071
1.45, -0.702213
1.45094, -0.946359
1.45094, -0.946359
1.45194, -0.946359
1.45194, -0.702213
1.45194, -0.702213
1.453, -0.946359
1.453, -0.946359
1.45394, -0.458071
1.45394, -0.702213
1.45394, -0.702213
1.45494, -0.702213
1.45494, -0.702213
1.45594, -0.702213
1.45594, -0.458071
1.45694, -0.946359
1.45694, -0.946359
1.45694, -0.946359
1.458, -0.946359
1.458, -0.702213
1.45894, -0.458071
1.45894, -0.946359
1.45894, -0.702213
1.45994, -0.458071
1.45994, -0.946359
1.461, -0.702213
1.461, -0.702213
1.46194, -0.702213
1.46194, -0.702213
1.46194, -0.458071
1.463, -0.702213
1.463, -0.702213
1.46394, -0.946359
1.46394, -0.702213
1.46394, -0.946359
1.46494, -0.458071
1.46494, -0.702213
1.466, -0.702213
1.466, -0.458071
1.46694, -0.702213
1.46694, -0.946359
1.46694, -0.458071
1.46794, -0.702213
1.46794, -0.702213
1.46894, -0.702213
1.46894, -0.702213
1.46894, -0.946359
1.46994, -0.458071
1.46994, -0.946359
1.471, -0.702213
1.471, -0.702213
1.47194, -0.702213
1.47194, -0.946359
1.47194, -0.458071
1.47294, -0.702213
1.47294, -0.946359
1.474, -0.458071
1.474, -0.702213
1.474, -0.702213
1.47494, -0.702213
1.47494, -0.702213
1.476, -0.702213
1.476, -0.458071
1.47694, -0.946359
1.47694, -0.946359
1.47694, -0.458071
1.47794, -0.702213
1.47794, -0.702213
1.479, -0.702213
1.479, -0.946359
1.479, -0.702213
1.47994, -0.702213
1.47994, -0.946359
1.48094, -0.946359
1.48094, -0.946359
1.48194, -0.702213
1.48194, -0.946359
1.48194, -0.702213
1.48294, -0.702213
1.48294, -0.946359
1.484, -0.946359
1.484, -0.702213
1.484, -0.946359
1.48494, -0.702213
1.48494, -0.702213
1.48594, -0.702213
1.48594, -0.946359
1.487, -0.702213
1.487, -0.458071
1.487, -0.702213
1.48794, -0.946359
1.48794, -0.702213
1.48894, -0.702213
1.48894, -0.702213
1.48894, -0.458071
1.48994, -0.702213
1.48994, -0.946359
1.49094, -0.946359
1.49094, -0.702213
1.49094, -0.946359
1.492, -0.458071
1.492, -0.702213
1.49294, -0.702213
1.49294, -0.458071
1.49394, -0.946359
1.49394, -0.702213
1.49394, -0.458071
1.49494, -0.702213
1.49494, -0.702213
1.49594, -0.946359
1.49594, -0.702213
1.49594, -0.946359
1.497, -0.458071
1.497, -0.702213
1.49794, -0.702213
1.49794, -0.458071
1.49894, -0.702213
1.49894, -0.946359
1.49894, -0.458071
1.5, -0.702213
1.5, -0.946359
1.50094, -0.702213
1.50094, -0.946359
1.50094, -0.702213
1.50194, -0.702213
1.50194, -0.702213
1.50294, -0.702213
1.50294, -0.458071
1.50394, -0.702213
1.50394, -0.946359
1.50394, -0.946359
1.505, -0.702213
1.505, -0.458071
1.50594, -0.702213
1.50594, -0.946359
1.50594, -0.702213
1.50694, -0.702213
1.50694, -0.702213
1.50794, -0.702213
1.50794, -0.946359
1.50894, -0.946359
1.50894, -0.946359
1.50894, -0.946359
1.51, -0.458071
1.51, -0.702213
1.51094, -0.702213
1.51094, -0.458071
1.51094, -0.702213
1.51194, -0.702213
1.51194, -0.946359
1.513, -0.946359
1.513, -0.946359
1.51394, -0.702213
1.51394, -0.946359
1.51394, -0.946359
1.51494, -0.458071
1.51494, -0.702213
1.51594, -0.702213
1.51594, -0.458071
1.51594, -0.702213
1.51694, -0.946359
1.51694, -0.946359
1.518, -0.946359
1.518, -0.946359
1.51894, -0.702213
1.51894, -0.946359
1.51894, -0.702213
1.51994, -0.702213
1.51994, -0.702213
1.52094, -0.946359
1.52094, -0.458071
1.52094, -0.946359
1.52194, -0.946359
1.52194, -0.946359
1.523, -0.702213
1.523, -0.702213
1.52394, -0.946359
1.52394, -0.946359
1.52394, -0.702213
1.52494, -0.458071
1.52494, -0.702213
1.526, -0.946359
1.526, -0.702213
1.526, -0.702213
1.52694, -0.946359
1.52694, -0.946359
1.52794, -0.702213
1.52794, -0.702213
1.52894, -0.702213
1.52894, -0.702213
1.52894, -0.946359
1.52994, -0.458071
1.52994, -0.946359
1.531, -0.702213
1.531, -0.702213
1.531, -0.702213
1.53194, -0.702213
1.53194, -0.702213
1.53294, -0.946359
1.53294, -0.946359
1.53394, -0.946359
1.53394, -0.702213
1.53394, -0.702213
1.53494, -0.702213
1.53494, -0.946359
1.536, -0.946359
1.536, -0.458071
1.536, -0.702213
1.53694, -0.702213
1.53694, -0.702213
1.53794, -0.702213
1.53794, -0.946359
1.539, -0.946359
1.539, -0.702213
1.539, -0.702213
1.53994, -0.946359
1.53994, -0.702213
1.54094, -0.702213
1.54094, -0.702213
1.54094, -0.946359
1.54194, -0.702213
1.54194, -0.946359
1.54294, -0.946359
1.54294, -0.946359
1.54294, -0.702213
1.544, -0.702213
1.544, -0.702213
1.54494, -0.702213
1.54494, -0.946359
1.54594, -0.946359
1.54594, -0.946359
1.54594, -0.702213
1.54694, -0.946359
1.54694, -0.946359
1.54794, -0.946359
1.54794, -0.702213
1.54794, -0.702213
1.549, -0.458071
1.549, -0.946359
1.54994, -0.946359
1.54994, -0.702213
1.55094, -0.946359
1.55094, -0.458071
1.55094, -0.946359
1.552, -0.702213
1.552, -0.946359
1.55294, -0.702213
1.55294, -0.702213
1.55294, -0.702213
1.55394, -0.946359
1.55394, -0.946359
1.55494, -0.702213
1.55494, -0.946359
1.55594, -0.946359
1.55594, -0.702213
1.55594, -0.702213
1.557, -0.946359
1.557, -0.458071
1.55794, -0.702213
1.55794, -0.702213
1.55794, -0.946359
1.55894, -0.458071
1.55894, -0.702213
1.55994, -0.702213
1.55994, -0.946359
1.56094, -0.946359
1.56094, -0.702213
1.56094, -0.702213
1.562, -0.946359
1.562, -0.946359
1.56294, -0.702213
1.56294, -0.702213
1.56294, -0.946359
1.56394, -0.702213
1.56394, -0.946359
1.565, -0.458071
1.565, -0.702213
1.56594, -0.946359
1.56594, -0.458071
1.56594, -0.702213
1.56694, -0.946359
1.56694, -0.702213
1.56794, -0.702213
1.56794, -0.946359
1.56794, -1.1905
1.56894, -0.946359
1.56894, -0.946359
1.57, -0.946359
1.57, -0.458071
1.57094, -0.946359
1.57094, -0.458071
1.57094, -0.702213
1.57194, -0.946359
1.57194, -0.702213
1.573, -0.702213
1.573, -0.702213
1.573, -0.946359
1.57394, -0.946359
1.57394, -0.702213
1.575, -0.946359
1.575, -0.458071
1.57594, -0.946359
1.57594, -0.946359
1.57594, -0.702213
1.57694, -0.946359
1.57694, -0.946359
1.578, -0.946359
1.578, -0.946359
1.578, -0.702213
1.57894, -0.702213
1.57894, -0.702213
1.57994, -0.946359
1.57994, -0.702213
1.58094, -0.946359
1.58094, -0.702213
1.58094, -0.702213
1.58194, -0.946359
1.58194, -0.946359
1.583, -0.946359
1.583, -0.702213
1.583, -0.702213
1.58394, -0.702213
1.58394, -0.702213
1.58494, -0.946359
1.58494, -0.946359
1.586, -0.702213
1.586, -0.946359
1.586, -0.946359
1.58694, -0.946359
1.58694, -0.946359
1.588, -0.702213
1.588, -0.702213
1.588, -0.702213
1.58894, -0.702213
1.58894, -0.702213
1.58994, -0.702213
1.58994, -0.702213
1.591, -0.458071
1.591, -0.946359
1.591, -0.702213
1.59194, -0.946359
1.59194, -0.946359
1.59294, -0.702213
1.59294, -0.458071
1.59294, -0.702213
1.59394, -0.702213
1.59394, -0.458071
1.59494, -0.702213
1.59494, -1.1905
1.59494, -0.702213
1.596, -1.1905
1.596, -0.702213
1.59694, -0.458071
1.59694, -0.702213
1.59794, -0.946359
1.59794, -0.702213
1.59794, -0.946359
1.599, -0.946359
1.599, -0.702213
1.59994, -0.946359
1.59994, -0.946359
1.59994, -0.458071
1.601, -0.702213
1.601, -0.946359
1.60194, -0.702213
1.60194, -0.946359
1.60294, -0.946359
1.60294, -0.702213
1.60294, -0.702213
1.604, -0.702213
1.604, -0.946359
1.60494, -0.946359
1.60494, -0.702213
1.60494, -0.702213
1.60594, -0.702213
1.60594, -0.946359
1.60694, -0.702213
1.60694, -0.702213
1.60794, -0.946359
1.60794, -0.946359
1.60794, -0.946359
1.609, -0.946359
1.609, -0.946359
1.60994, -0.946359
1.60994, -0.946359
1.60994, -0.946359
1.61094, -0.702213
1.61094, -0.702213
1.612, -0.946359
1.612, -0.946359
1.61294, -0.702213
1.61294, -0.946359
1.61294, -0.946359
1.61394, -0.702213
1.61394, -0.946359
1.61494, -0.702213
1.61494, -0.702213
1.61494, -0.702213
1.61594, -0.702213
1.61594, -0.702213
1.617, -0.702213
1.617, -0.946359
1.61794, -0.946359
1.61794, -0.702213
1.61794, -0.946359
1.61894, -0.702213
1.61894, -0.946359
1.61994, -0.458071
1.61994, -0.946359
1.61994, -0.946359
1.62094, -0.458071
1.62094, -0.702213
1.622, -0.946359
1.622, -0.946359
1.62294, -0.702213
1.62294, -0.702213
1.62294, -0.946359
1.62394, -0.458071
1.62394, -0.702213
1.625, -0.458071
1.625, -0.946359
1.625, -0.946359
1.62594, -0.702213
1.62594, -0.702213
1.62694, -0.702213
1.62694, -0.946359
1.62794, -0.702213
1.62794, -0.702213
1.62794, -0.702213
1.62894, -0.946359
1.62894, -0.946359
1.63, -0.458071
1.63, -0.946359
1.63, -0.702213
1.63094, -0.458071
1.63094, -0.946359
1.63194, -0.702213
1.63194, -0.946359
1.63294, -0.702213
1.63294, -0.946359
1.63294, -0.458071
1.63394, -0.946359
1.63394, -0.946359
1.635, -0.702213
1.635, -0.702213
1.635, -0.946359
1.63594, -0.702213
1.63594, -0.702213
1.63694, -0.702213
1.63694, -1.43465
1.638, -0.702213
1.638, -0.946359
1.638, -0.946359
1.63894, -0.702213
1.63894, -0.702213
1.63994, -0.946359
1.63994, -0.946359
1.63994, -0.702213
1.64094, -0.946359
1.64094, -0.946359
1.64194, -0.946359
1.64194, -0.702213
1.64194, -0.458071
1.643, -0.702213
1.643, -0.702213
1.64394, -0.702213
1.64394, -0.702213
1.64494, -0.702213
1.64494, -0.946359
1.64494, -0.702213
1.64594, -0.946359
1.64594, -0.702213
1.64694, -0.702213
1.64694, -0.702213
1.64694, -0.702213
1.648, -0.702213
1.648, -0.702213
1.64894, -0.946359
1.64894, -0.702213
1.64994, -0.702213
1.64994, -0.702213
1.64994, -0.946359
1.651, -0.946359
1.651, -0.946359
1.65194, -0.702213
1.65194, -0.946359
1.65194, -0.946359
1.65294, -0.702213
1.65294, -0.946359
1.65394, -0.946359
1.65394, -0.702213
1.65494, -0.702213
1.65494, -0.946359
1.65494, -0.946359
1.656, -0.702213
1.656, -0.702213
1.65694, -0.946359
1.65694, -0.946359
1.65694, -0.946359
1.65794, -0.702213
1.65794, -0.702213
1.65894, -0.702213
1.65894, -0.702213
1.65994, -0.702213
1.65994, -0.702213
1.65994, -0.702213
1.661, -0.458071
1.661, -0.702213
1.66194, -0.946359
1.66194, -0.702213
1.66194, -0.702213
1.66294, -0.946359
1.66294, -0.702213
1.664, -0.946359
1.664, -0.702213
1.66494, -0.946359
1.66494, -0.702213
1.66494, -0.702213
1.66594, -0.458071
1.66594, -0.702213
1.66694, -0.702213
1.66694, -0.946359
1.66694, -0.702213
1.66794, -0.702213
1.66794, -0.702213
1.669, -0.702213
1.669, -0.702213
1.66994, -0.946359
1.66994, -0.702213
1.66994, -0.946359
1.67094, -0.702213
1.67094, -0.702213
1.67194, -0.702213
1.67194, -0.458071
1.67194, -0.702213
1.67294, -0.946359
1.67294, -0.946359
1.674, -0.946359
1.674, -0.946359
1.67494, -0.946359
1.67494, -0.946359
1.67494, -0.702213
1.67594, -0.458071
1.67594, -0.946359
1.677, -0.702213
1.677, -0.458071
1.677, -0.702213
1.67794, -0.946359
1.67794, -0.702213
1.67894, -0.702213
1.67894, -0.946359
1.67994, -0.946359
1.67994, -0.702213
1.67994, -0.702213
1.68094, -0.702213
1.68094, -0.946359
1.682, -0.702213
1.682, -0.946359
1.682, -0.702213
1.68294, -0.702213
1.68294, -0.946359
1.68394, -0.702213
1.68394, -0.702213
1.68494, -0.946359
1.68494, -0.946359
1.68494, -0.946359
1.68594, -0.946359
1.68594, -0.946359
1.687, -0.946359
1.687, -0.702213
1.687, -0.946359
1.68794, -0.458071
1.68794, -0.702213
1.68894, -0.702213
1.68894, -0.702213
1.69, -0.946359
1.69, -0.946359
1.69, -0.946359
1.69094, -0.946359
1.69094, -0.946359
1.69194, -0.702213
1.69194, -0.702213
1.69194, -0.702213
1.69294, -0.458071
1.69294, -0.702213
1.69394, -0.946359
1.69394, -0.458071
1.69394, -0.702213
1.695, -0.946359
1.695, -0.702213
1.69594, -0.702213
1.69594, -0.702213
1.69694, -0.458071
1.69694, -0.702213
1.69694, -0.946359
1.698, -0.702213
1.698, -0.702213
1.69894, -0.702213
1.69894, -0.458071
1.69894, -0.702213
1.7, -0.946359
1.7, -0.702213
1.70094, -0.946359
1.70094, -0.702213
1.70194, -0.702213
1.70194, -0.702213
1.70194, -0.946359
1.703, -0.702213
1.703, -0.702213
1.70394, -0.702213
1.70394, -0.946359
1.70394, -0.702213
1.70494, -0.946359
1.70494, -0.702213
1.70594, -0.946359
1.70594, -0.702213
1.70694, -0.458071
1.70694, -0.946359
1.70694, -0.702213
1.708, -0.702213
1.708, -0.702213
1.70894, -0.702213
1.70894, -0.946359
1.70894, -0.946359
1.70994, -0.946359
1.70994, -0.946359
1.711, -0.458071
1.711, -0.702213
1.71194, -0.702213
1.71194, -0.946359
1.71194, -0.702213
1.713, -0.946359
1.713, -0.702213
1.71394, -0.946359
1.71394, -0.702213
1.71394, -0.702213
