Force Data
0.001, 0.526779
0.013, 0.0384902
0.024, 0.282637
0.035, 0.0384902
0.046, 0.0384902
0.057, 0.0384902
0.068, 0.0384902
0.079, 0.282637
0.0895, 0.0384902
0.1, 0.0384902
0.1105, 0.282637
0.121, 0.0384902
0.1315, -0.205654
0.142, 0.0384902
0.1525, 0.0384902
0.163, -0.205654
0.1735, -0.205654
0.184, 0.0384902
0.1945, 0.0384902
0.205, -0.205654
0.2155, 0.0384902
0.226, 0.0384902
0.2365, 0.0384902
0.247, 0.0384902
0.2575, 0.0384902
0.268, 0.0384902
0.2785, 0.0384902
0.289, 0.282637
0.2995, 0.0384902
0.31, 0.0384902
0.3205, 0.0384902
0.331, 0.0384902
0.3415, 0.0384902
0.352, 0.0384902
0.3625, 0.0384902
0.373, 0.0384902
0.3835, 0.0384902
0.394, 0.0384902
0.4045, 0.0384902
0.415, 0.0384902
0.4255, -0.205654
0.436, -0.205654
0.4465, 0.0384902
0.457, 0.0384902
0.4675, 0.0384902
0.478, 0.0384902
0.4885, 0.0384902
0.499, 0.0384902
0.5095, 0.282637
0.52, 0.0384902
0.5305, 0.282637
0.541, 0.0384902
0.5515, 0.0384902
0.562, 0.0384902
0.5725, 0.0384902
0.583, 0.0384902
0.5935, -0.205654
0.604, -0.205654
0.6145, -0.205654
0.625, 0.0384902
0.6355, 0.0384902
0.646, 0.0384902
0.6565, 0.282637
0.667, 0.0384902
0.6775, -0.205654
0.689, 0.0384902
0.7, 0.0384902
0.711, 0.0384902
0.722, 0.0384902
0.733, 0.0384902
0.744, 0.0384902
0.755, 0.0384902
0.766, 0.0384902
0.7775, 0.0384902
0.788, 0.0384902
0.7985, 0.0384902
0.809, 0.0384902
0.8195, 0.0384902
0.83, 0.0384902
0.8405, 0.0384902
0.851, 0.0384902
0.8615, 0.0384902
0.872, 0.0384902
0.8825, 0.0384902
0.893, 0.0384902
0.9035, 0.282637
0.914, 0.0384902
0.9245, 0.0384902
0.935, 0.0384902
0.9455, 0.0384902
0.956, -0.449796
0.9665, 0.0384902
0.977, 0.282637
0.9875, 0.0384902
0.998, 0.282637
1.0085, 0.0384902
1.019, 0.0384902
1.0295, 0.0384902
1.04, 0.282637
1.0505, 0.0384902
1.061, -0.449796
1.0715, 0.0384902
1.082, 0.0384902
1.0925, 0.0384902
1.103, 0.0384902
1.1135, 0.0384902
1.124, 0.0384902
1.1345, 0.0384902
1.145, 0.0384902
1.1555, 0.0384902
1.166, 0.0384902
1.1765, 0.0384902
1.187, 0.0384902
1.1975, 0.0384902
1.208, 0.0384902
1.2185, 0.0384902
1.229, -0.449796
1.2395, 0.0384902
1.25, -0.205654
1.2605, 0.282637
1.271, 0.282637
1.2815, 0.0384902
1.292, 0.0384902
1.3025, 0.0384902
1.313, 0.0384902
1.3235, 0.0384902
1.334, 0.0384902
1.3445, 0.0384902
1.355, 0.0384902
1.367, 0.0384902
1.378, 0.0384902
1.389, 0.0384902
1.4, 0.0384902
1.411, 0.0384902
1.422, 0.0384902
1.433, 0.0384902
1.4445, 0.0384902
1.455, 0.526779
1.4655, 0.0384902
1.476, 0.0384902
1.4865, 0.282637
1.497, -0.205654
1.5075, 0.0384902
1.518, 0.282637
1.5285, 0.0384902
1.539, 0.526779
1.5495, 0.282637
1.56, 0.0384902
1.5705, 0.282637
1.581, 0.0384902
1.5915, 0.0384902
1.602, 0.0384902
1.6125, 0.0384902
1.623, 0.282637
1.6335, 0.0384902
1.644, 0.282637
1.6545, 0.0384902
1.665, 0.0384902
1.6755, 0.0384902
1.686, 0.0384902
1.6965, -0.205654
1.707, -0.205654
1.7175, 0.0384902
1.728, 0.0384902
1.7385, 0.282637
1.749, 0.0384902
1.7595, 0.0384902
1.77, 0.282637
1.7805, 0.0384902
1.791, 0.282637
1.8015, 0.0384902
1.812, -0.449796
1.8225, 0.0384902
1.833, 0.0384902
1.8435, -0.205654
1.854, 0.0384902
1.8645, 0.0384902
1.875, 0.0384902
1.8855, 0.0384902
1.896, 0.0384902
1.9065, 0.0384902
1.917, 0.0384902
1.9275, 0.282637
1.938, 0.0384902
1.9485, 0.0384902
1.959, 0.0384902
1.9695, 0.0384902
1.98, 0.0384902
1.9905, 0.0384902
2.001, 0.282637
2.012, 0.0384902
2.023, -0.449796
2.034, 0.0384902
2.045, 0.0384902
2.056, 0.0384902
2.067, -0.205654
2.078, 0.0384902
2.0895, 0.0384902
2.1, 0.0384902
2.1105, 0.0384902
2.121, 0.0384902
2.1315, 0.282637
2.142, 0.282637
2.1525, 0.0384902
2.163, -0.205654
2.1735, 0.0384902
2.184, 0.0384902
2.1945, -0.205654
2.205, 0.282637
2.2155, 0.0384902
2.226, 0.0384902
2.2365, 0.0384902
2.247, 0.0384902
2.2575, 0.0384902
2.268, 0.282637
2.2785, 0.0384902
2.289, 0.0384902
2.2995, 0.0384902
2.31, 0.0384902
2.3205, 0.0384902
2.331, 0.0384902
2.3415, 0.0384902
2.352, 0.0384902
2.3625, 0.0384902
2.373, 0.0384902
2.3835, 0.0384902
2.394, 0.0384902
2.4045, -0.205654
2.415, 0.0384902
2.4255, 0.0384902
2.436, 0.282637
2.4465, -0.205654
2.457, 0.282637
2.4675, 0.0384902
2.478, 0.0384902
2.4885, -0.205654
2.499, 0.0384902
2.5095, 0.0384902
2.52, 0.0384902
2.5305, 0.0384902
2.541, 0.0384902
2.5515, 0.0384902
2.562, 0.0384902
2.5725, 0.0384902
2.583, 0.0384902
2.5935, 0.0384902
2.604, 0.0384902
2.6145, 0.282637
2.625, 0.0384902
2.6355, 0.0384902
2.646, 0.282637
2.6565, 0.0384902
2.667, 0.0384902
2.6775, 0.0384902
2.688, 0.0384902
2.6985, 0.0384902
2.709, 0.0384902
2.721, 0.0384902
2.732, 0.0384902
2.743, 0.0384902
2.754, 0.0384902
2.765, 0.0384902
2.776, 0.0384902
2.787, 0.0384902
2.7985, 0.0384902
2.809, 0.0384902
2.8195, 0.0384902
2.83, 0.282637
2.8405, 0.0384902
2.851, 0.0384902
2.8615, 0.0384902
2.872, 0.0384902
2.8825, 0.0384902
2.893, 0.0384902
2.9035, 0.0384902
2.914, 0.0384902
2.9245, 0.0384902
2.935, 0.0384902
2.9455, 0.0384902
2.956, -0.205654
2.9665, 0.0384902
2.977, 0.0384902
2.9875, 0.0384902
2.998, 0.526779
3.0085, 0.0384902
3.019, 0.0384902
3.0295, 0.0384902
3.04, 0.0384902
3.0505, 0.0384902
3.061, 0.0384902
3.0715, 0.0384902
3.082, 0.0384902
3.0925, 0.0384902
3.103, 0.0384902
3.1135, 0.0384902
3.124, 0.0384902
3.1345, 0.0384902
3.145, -0.205654
3.1555, 0.0384902
3.166, 0.0384902
3.1765, 0.0384902
3.187, 0.0384902
3.1975, 0.0384902
3.208, 0.0384902
3.2185, 0.0384902
3.229, 0.0384902
3.2395, 0.282637
3.25, 0.0384902
3.2605, 0.0384902
3.271, 0.0384902
3.2815, 0.0384902
3.292, 0.282637
3.3025, 0.0384902
3.313, 0.0384902
3.3235, 0.0384902
3.334, 0.0384902
3.3445, 0.0384902
3.355, 0.0384902
3.3655, 0.0384902
3.376, 0.0384902
3.387, 0.0384902
3.398, 0.282637
3.409, 0.0384902
3.42, 0.0384902
3.431, 0.0384902
3.442, 0.0384902
3.453, 0.0384902
3.4645, 0.0384902
3.475, 0.0384902
3.4855, 0.0384902
3.496, 0.0384902
3.5065, 0.0384902
3.517, 0.0384902
3.5275, 0.0384902
3.538, 0.0384902
3.5485, -0.205654
3.559, -0.205654
3.5695, 0.0384902
3.58, 0.0384902
3.5905, 0.0384902
3.601, 0.0384902
3.6115, 0.0384902
3.622, 0.0384902
3.6325, 0.0384902
3.643, 0.0384902
3.6535, 0.0384902
3.664, 0.0384902
3.6745, 0.282637
3.685, 0.0384902
3.6955, 0.282637
3.706, 0.0384902
3.7165, 0.0384902
3.727, 0.0384902
3.7375, 0.0384902
3.748, 0.0384902
3.7585, 0.0384902
3.769, 0.0384902
3.7795, 0.282637
3.79, 0.0384902
3.8005, 0.0384902
3.811, 0.0384902
3.8215, 0.0384902
3.832, 0.0384902
3.8425, 0.0384902
3.853, 0.0384902
3.8635, 0.0384902
3.874, 0.0384902
3.8845, -0.205654
3.895, 0.0384902
3.9055, 0.0384902
3.916, 0.0384902
3.9265, 0.0384902
3.937, 0.0384902
3.9475, 0.0384902
3.958, 0.282637
3.9685, 0.0384902
3.979, 0.0384902
3.9895, 0.0384902
4.0, 0.0384902
4.0105, 0.282637
4.021, 0.0384902
4.0315, 0.0384902
4.042, 0.0384902
4.0525, 0.282637
4.063, 0.0384902
4.0735, 0.0384902
4.084, 0.282637
4.0945, 0.0384902
4.105, -0.205654
4.1155, 0.282637
4.126, 0.0384902
4.137, 0.0384902
4.148, 0.282637
4.159, 0.526779
4.17, 0.526779
4.181, 0.526779
4.192, 0.526779
4.203, 0.526779
4.2145, 0.526779
4.225, 0.526779
4.2355, 0.526779
4.246, 0.526779
4.2565, 0.526779
4.267, 0.526779
4.2775, 0.770925
4.288, 1.01507
4.2985, 1.01507
4.309, 1.01507
4.3195, 1.01507
4.33, 1.01507
4.3405, 1.01507
4.351, 1.01507
4.3615, 1.01507
4.372, 1.01507
4.3825, 1.01507
4.393, 1.01507
4.4035, 1.25921
4.414, 1.25921
4.4245, 1.25921
4.435, 1.50336
4.4455, 1.25921
4.456, 1.50336
4.4665, 1.7475
4.477, 1.50336
4.4875, 1.50336
4.498, 1.50336
4.5085, 1.99165
4.519, 1.50336
4.5295, 1.50336
4.54, 1.50336
4.5505, 1.99165
4.561, 1.99165
4.5715, 1.99165
4.582, 1.99165
4.5925, 1.99165
4.603, 2.23579
4.6135, 2.23579
4.624, 1.99165
4.6345, 2.23579
4.645, 2.23579
4.6555, 2.47993
4.666, 2.47993
4.6765, 2.47993
4.687, 2.47993
4.6975, 2.47993
4.708, 2.47993
4.7185, 2.47993
4.729, 2.47993
4.7395, 2.47993
4.75, 1.99165
4.7605, 2.47993
4.771, 2.47993
4.7815, 2.72407
4.792, 2.47993
4.8025, 2.47993
4.813, 2.47993
4.8235, 2.47993
4.834, 2.47993
4.8445, 2.47993
4.855, 2.72407
4.8655, 2.47993
4.876, 2.47993
4.887, 2.96822
4.898, 2.47993
4.909, 2.47993
4.92, 2.96822
4.931, 2.72407
4.942, 2.72407
4.953, 2.96822
4.9645, 2.96822
4.975, 2.96822
4.9855, 2.96822
4.996, 2.96822
5.0065, 2.96822
5.017, 2.96822
5.0275, 2.96822
5.038, 2.96822
5.0485, 2.96822
5.059, 2.96822
5.0695, 2.96822
5.08, 3.45651
5.0905, 2.96822
5.101, 2.96822
5.1115, 2.96822
5.122, 3.45651
5.1325, 2.96822
5.143, 2.96822
5.1535, 3.45651
5.164, 2.96822
5.1745, 2.96822
5.185, 3.45651
5.1955, 2.96822
5.206, 3.21236
5.2165, 3.45651
5.227, 3.21236
5.2375, 2.96822
5.248, 2.96822
5.2585, 3.45651
5.269, 3.45651
5.2795, 3.45651
5.29, 3.45651
5.3005, 3.70066
5.311, 3.45651
5.3215, 3.45651
5.332, 3.45651
5.3425, 3.45651
5.353, 3.70066
5.3635, 3.9448
5.374, 3.9448
5.3845, 3.9448
5.395, 3.9448
5.4055, 4.18894
5.416, 4.18894
5.433, 4.43308
5.4445, 4.43308
5.455, 4.67723
5.4655, 4.43308
5.476, 4.43308
5.4865, 4.43308
5.497, 4.43308
5.5075, 4.67723
5.518, 4.92138
5.5285, 4.92138
5.539, 4.92138
5.5495, 5.40966
5.56, 4.92138
5.5705, 4.92138
5.581, 5.16552
5.5915, 5.40966
5.602, 5.40966
5.6125, 5.40966
5.623, 5.6538
5.6335, 5.40966
5.644, 5.89795
5.6545, 5.40966
5.665, 5.89795
5.6755, 5.89795
5.686, 5.89795
5.6965, 5.89795
5.707, 5.89795
5.7175, 6.38624
5.728, 6.38624
5.7385, 6.38624
5.749, 6.38624
5.7595, 6.63039
5.77, 6.38624
5.7805, 6.38624
5.791, 6.87453
5.8015, 6.87453
5.812, 6.63039
5.8225, 6.87453
5.833, 6.87453
5.8435, 6.87453
5.854, 7.36282
5.8645, 7.36282
5.875, 7.36282
5.8855, 7.36282
5.896, 7.60696
5.9065, 7.36282
5.917, 7.36282
5.9275, 7.60696
5.938, 7.85111
5.9485, 7.85111
5.959, 7.85111
5.9695, 7.85111
5.98, 8.09525
5.9905, 7.85111
6.001, 8.33939
6.012, 8.09525
6.023, 8.33939
6.034, 8.09525
6.045, 8.33939
6.056, 8.09525
6.067, 8.33939
6.078, 8.33939
6.0895, 8.33939
6.1, 8.82768
6.1105, 8.82768
6.121, 8.82768
6.1315, 8.82768
6.142, 8.82768
6.1525, 8.82768
6.163, 8.82768
6.1735, 9.31597
6.184, 8.82768
6.1945, 9.31597
6.205, 9.31597
6.2155, 9.31597
6.226, 9.31597
6.2365, 9.31597
6.247, 9.31597
6.2575, 9.31597
6.268, 9.31597
6.2785, 9.56012
6.289, 9.56012
6.2995, 9.31597
6.31, 9.31597
6.3205, 9.80426
6.331, 9.80426
6.3415, 9.80426
6.352, 9.31597
6.3625, 9.80426
6.373, 9.80426
6.3835, 9.80426
6.394, 9.80426
6.4045, 9.80426
6.415, 9.80426
6.4255, 10.0484
6.436, 10.0484
6.4465, 10.0484
6.457, 10.2925
6.4675, 10.0484
6.478, 9.80426
6.4885, 10.0484
6.499, 10.2925
6.5095, 10.2925
6.52, 10.2925
6.5305, 10.2925
6.541, 10.2925
6.5515, 10.2925
6.562, 10.2925
6.5725, 10.2925
6.583, 10.2925
6.5935, 10.2925
6.604, 10.2925
6.6145, 10.2925
6.625, 10.2925
6.6355, 10.7808
6.646, 10.7808
6.6565, 10.7808
6.667, 10.5367
6.6775, 10.7808
6.688, 10.7808
6.6985, 10.7808
6.709, 10.7808
6.7195, 10.7808
6.73, 10.7808
6.7405, 10.7808
6.751, 10.7808
6.762, 11.025
6.773, 10.7808
6.784, 10.7808
6.795, 10.7808
6.806, 10.7808
6.817, 11.2691
6.828, 11.2691
6.8395, 11.2691
6.85, 11.2691
6.8605, 11.2691
6.871, 11.2691
6.8815, 11.2691
6.892, 11.2691
6.9025, 11.2691
6.913, 11.2691
6.9235, 11.2691
6.934, 11.2691
6.9445, 11.5133
6.955, 11.7574
6.9655, 12.0016
6.976, 11.7574
6.9865, 11.7574
6.997, 11.7574
7.0075, 11.7574
7.018, 11.7574
7.0285, 12.0016
7.039, 11.7574
7.0495, 12.2457
7.06, 12.2457
7.0705, 12.4898
7.081, 12.2457
7.0915, 12.4898
7.102, 12.2457
7.1125, 12.4898
7.123, 12.4898
7.1335, 12.734
7.144, 12.734
7.1545, 12.734
7.165, 12.734
7.1755, 12.734
7.186, 12.9781
7.1965, 12.9781
7.207, 13.2223
7.2175, 13.2223
7.228, 12.9781
7.2385, 13.2223
7.249, 13.2223
7.2595, 13.7106
7.27, 13.2223
7.2805, 13.4664
7.291, 13.4664
7.3015, 13.7106
7.312, 13.7106
7.3225, 13.7106
7.333, 13.7106
7.3435, 13.7106
7.354, 13.9547
7.3645, 13.7106
7.375, 14.1988
7.3855, 14.1988
7.396, 14.1988
7.4065, 14.1988
7.417, 14.443
7.4275, 14.6871
7.438, 14.6871
7.4485, 14.6871
7.459, 14.6871
7.4695, 14.6871
7.48, 14.9313
7.4905, 15.1754
7.501, 15.1754
7.512, 15.1754
7.523, 15.1754
7.534, 15.1754
7.545, 15.1754
7.556, 15.1754
7.567, 15.4196
7.578, 15.6637
7.5895, 15.6637
7.6, 15.9079
7.6105, 15.6637
7.621, 15.9079
7.6315, 16.152
7.642, 16.152
7.6525, 16.152
7.663, 16.152
7.6735, 16.152
7.684, 16.6403
7.6945, 16.6403
7.705, 16.6403
7.7155, 16.6403
7.726, 16.6403
7.7365, 16.8844
7.747, 17.1286
7.7575, 17.1286
7.768, 17.1286
7.7785, 17.1286
7.789, 17.1286
7.7995, 17.1286
7.81, 17.3727
7.8205, 17.6169
7.831, 17.6169
7.8415, 17.6169
7.852, 17.6169
7.8625, 17.6169
7.873, 17.6169
7.8835, 18.1052
7.894, 18.1052
7.9045, 18.1052
7.915, 18.1052
7.9255, 18.1052
7.936, 18.3493
7.9465, 18.3493
7.957, 18.5935
7.9675, 18.5935
7.978, 18.5935
7.9885, 19.0817
7.999, 18.8376
8.0095, 19.0817
8.02, 19.0817
8.0305, 19.0817
8.041, 19.0817
8.0515, 19.0817
8.062, 19.57
8.0725, 19.57
8.083, 19.8142
8.0935, 19.8142
8.104, 19.8142
8.1145, 19.8142
8.125, 20.0583
8.1355, 19.8142
8.146, 20.0583
8.1565, 20.3025
8.167, 20.0583
8.1775, 20.0583
8.188, 20.0583
8.1985, 20.5466
8.209, 20.5466
8.2195, 20.5466
8.23, 20.7907
8.2405, 21.0349
8.251, 21.0349
8.262, 21.0349
8.273, 21.0349
8.284, 21.5232
8.295, 21.0349
8.306, 21.5232
8.317, 21.5232
8.328, 22.0115
8.3395, 22.0115
8.35, 21.7673
8.3605, 22.2556
8.371, 22.2556
8.3815, 22.0115
8.392, 22.4998
8.4025, 22.4998
8.413, 22.4998
8.4235, 22.4998
8.434, 22.4998
8.4445, 22.4998
8.455, 22.4998
8.4655, 22.988
8.476, 23.2322
8.4865, 22.988
8.497, 22.988
8.5075, 22.988
8.518, 23.2322
8.5285, 23.4763
8.539, 23.7205
8.5495, 23.4763
8.56, 23.7205
8.5705, 23.9646
8.581, 23.9646
8.5915, 23.9646
8.602, 23.9646
8.6125, 24.2088
8.623, 23.9646
8.6335, 24.4529
8.644, 24.4529
8.6545, 24.4529
8.665, 24.6971
8.6755, 24.4529
8.686, 24.9412
8.6965, 24.9412
8.707, 24.9412
8.7175, 24.9412
8.728, 24.9412
8.7385, 24.9412
8.749, 25.4295
8.7595, 25.1853
8.77, 25.4295
8.7805, 25.4295
8.791, 25.4295
8.8015, 25.4295
8.812, 25.9178
8.8225, 25.9178
8.833, 25.9178
8.8435, 26.1619
8.854, 26.1619
8.8645, 26.4061
8.875, 26.4061
8.8855, 26.4061
8.896, 26.6502
8.9065, 26.4061
8.917, 26.6502
8.9275, 26.8944
8.938, 26.8944
8.9485, 26.8944
8.959, 27.3826
8.9695, 27.3826
8.98, 27.1385
8.9905, 27.3826
9.001, 27.3826
9.012, 27.6268
9.023, 27.6268
9.034, 27.8709
9.045, 27.8709
9.056, 27.8709
9.067, 27.8709
9.078, 27.8709
9.0895, 28.3592
9.1, 28.3592
9.1105, 28.3592
9.121, 28.8475
9.1315, 28.6034
9.142, 28.6034
9.1525, 28.8475
9.163, 29.0917
9.1735, 28.8475
9.184, 28.8475
9.1945, 29.3358
9.205, 29.3358
9.2155, 29.3358
9.226, 29.5799
9.2365, 29.3358
9.247, 29.8241
9.2575, 29.8241
9.268, 29.8241
9.2785, 29.8241
9.289, 30.0682
9.2995, 29.8241
9.31, 30.3124
9.3205, 30.3124
9.331, 30.3124
9.3415, 30.3124
9.352, 30.3124
9.3625, 30.5565
9.373, 30.8007
9.3835, 30.5565
9.394, 30.8007
9.4045, 31.0448
9.415, 30.8007
9.4255, 31.0448
9.436, 31.2889
9.4465, 31.2889
9.457, 31.2889
9.4675, 31.5331
9.478, 31.5331
9.4885, 31.7772
9.499, 31.7772
9.5095, 32.0214
9.52, 31.7772
9.5305, 32.2655
9.541, 32.2655
9.5515, 32.2655
9.562, 32.2655
9.5725, 32.5097
9.583, 32.7538
9.5935, 32.7538
9.604, 32.7538
9.6145, 32.7538
9.625, 32.7538
9.6355, 32.9979
9.646, 32.7538
9.6565, 32.9979
9.667, 33.2421
9.6775, 33.2421
9.688, 33.2421
9.6985, 33.4862
9.709, 33.7304
9.7195, 33.7304
9.73, 33.9745
9.7405, 33.9745
9.751, 33.9745
9.762, 34.2187
9.773, 34.4628
9.784, 34.707
9.795, 34.4628
9.806, 34.707
9.817, 34.707
9.828, 34.707
9.8395, 34.707
9.85, 35.1953
9.8605, 35.4394
9.871, 35.1953
9.8815, 35.1953
9.892, 35.1953
9.9025, 35.6835
9.913, 35.6835
9.9235, 35.6835
9.934, 35.6835
9.9445, 35.9277
9.955, 36.1718
9.9655, 35.9277
9.976, 36.1718
9.9865, 36.1718
9.997, 36.1718
10.0075, 36.6601
10.018, 36.1718
10.0285, 36.6601
10.039, 36.6601
10.0495, 36.6601
10.06, 36.9043
10.0705, 36.9043
10.081, 37.1484
10.0915, 37.6367
10.102, 37.6367
10.1125, 37.6367
10.123, 37.6367
10.1335, 37.8808
10.144, 37.6367
10.1545, 37.6367
10.165, 38.125
10.1755, 38.125
10.186, 38.125
10.1965, 38.125
10.207, 38.3691
10.2175, 38.6133
10.228, 38.6133
10.2385, 38.8574
10.249, 38.6133
10.2595, 38.8574
10.27, 38.8574
10.2805, 39.1015
10.291, 39.1015
10.3015, 39.1015
10.312, 39.3457
10.3225, 39.5898
10.333, 39.3457
10.3435, 39.834
10.354, 39.834
10.3645, 40.0781
10.375, 40.0781
10.3855, 40.0781
10.396, 40.0781
10.4065, 40.0781
10.417, 40.3223
10.4275, 40.5664
10.438, 40.5664
10.4485, 40.5664
10.459, 41.0547
10.4695, 40.8106
10.48, 41.0547
10.4905, 41.0547
10.501, 41.0547
10.512, 41.2988
10.523, 41.2988
10.534, 41.2988
10.545, 41.543
10.556, 41.7871
10.567, 41.7871
10.578, 41.543
10.5895, 41.7871
10.6, 42.0313
10.6105, 42.0313
10.621, 42.2754
10.6315, 42.5196
10.642, 42.0313
10.6525, 42.5196
10.663, 42.5196
10.6735, 42.7637
10.684, 43.0079
10.6945, 43.0079
10.705, 43.0079
10.7155, 43.4962
10.726, 43.252
10.7365, 43.4962
10.747, 43.4962
10.7575, 43.4962
10.768, 43.4962
10.7785, 43.9844
10.789, 43.9844
10.7995, 43.9844
10.81, 43.9844
10.8205, 43.9844
10.831, 44.4727
10.8445, 44.4727
10.855, 44.4727
10.8655, 44.7169
10.876, 44.4727
10.887, 44.961
10.898, 44.961
10.909, 44.961
10.92, 45.2052
10.931, 45.4493
10.942, 45.4493
10.953, 45.6934
10.9645, 45.4493
10.975, 45.6934
10.9855, 45.9376
10.996, 45.9376
11.0065, 45.9376
11.017, 45.9376
11.0275, 46.4259
11.038, 46.4259
11.0485, 46.4259
11.059, 46.4259
11.0695, 46.67
11.08, 46.9142
11.0905, 46.9142
11.101, 47.1583
11.1115, 46.9142
11.122, 47.4025
11.1325, 47.1583
11.143, 47.4025
11.1535, 47.6466
11.164, 47.6466
11.1745, 47.6466
11.185, 47.8907
11.1955, 47.4025
11.206, 48.1349
11.2165, 47.8907
11.227, 48.1349
11.2375, 48.379
11.248, 48.379
11.2585, 48.379
11.269, 48.379
11.2795, 48.8673
11.29, 48.8673
11.3005, 48.8673
11.311, 49.1115
11.3215, 49.3556
11.332, 49.3556
11.3425, 49.3556
11.353, 49.5997
11.3635, 49.8439
11.374, 49.8439
11.3845, 49.8439
11.395, 49.8439
11.4055, 50.088
11.416, 50.088
11.4265, 50.3322
11.437, 50.3322
11.4475, 50.5763
11.458, 50.8205
11.4685, 50.8205
11.479, 50.8205
11.4895, 50.8205
11.5, 51.0646
11.5105, 51.3088
11.521, 51.3088
11.5315, 51.3088
11.542, 51.7971
11.5525, 51.5529
11.563, 51.7971
11.5735, 51.7971
11.584, 51.7971
11.5945, 52.2854
11.605, 52.2854
11.6155, 52.5295
11.626, 52.5295
11.637, 52.7737
11.648, 52.5295
11.659, 53.2619
11.67, 53.5061
11.681, 53.2619
11.692, 53.2619
11.703, 53.5061
11.7145, 53.2619
11.725, 53.5061
11.7355, 53.7502
11.746, 53.7502
11.7565, 53.9944
11.767, 53.7502
11.7775, 54.2385
11.788, 54.2385
11.7985, 54.2385
11.809, 54.4826
11.8195, 54.2385
11.83, 54.7268
11.8405, 54.4826
11.851, 54.7268
11.8615, 54.9709
11.872, 55.2151
11.8825, 55.2151
11.893, 55.2151
11.9035, 55.2151
11.914, 55.4592
11.9245, 55.7034
11.935, 55.7034
11.9455, 55.7034
11.956, 56.1916
11.9665, 56.1916
11.977, 56.1916
11.9875, 56.1916
11.998, 56.1916
12.0085, 56.1916
12.019, 56.4358
12.0295, 56.9241
12.04, 56.6799
12.0505, 56.9241
12.061, 56.6799
12.0715, 57.1682
12.082, 57.1682
12.0925, 57.1682
12.103, 57.4124
12.1135, 57.4124
12.124, 57.6565
12.1345, 57.6565
12.145, 57.9007
12.1555, 57.9007
12.166, 58.1448
12.1765, 58.1448
12.187, 58.1448
12.1975, 58.1448
12.208, 58.6331
12.2185, 58.6331
12.229, 58.6331
12.2395, 58.6331
12.25, 59.1214
12.2605, 58.8773
12.271, 59.1214
12.2815, 59.1214
12.292, 59.1214
12.3025, 59.3655
12.313, 59.3655
12.3235, 59.6097
12.334, 59.6097
12.3445, 59.8538
12.355, 59.6097
12.3655, 59.8538
12.376, 60.098
12.387, 60.5862
12.398, 60.098
12.409, 60.098
12.42, 60.098
12.431, 60.5862
12.442, 60.5862
12.453, 60.8304
12.4645, 61.0746
12.475, 61.0746
12.4855, 61.0746
12.496, 61.0746
12.5065, 61.0746
12.517, 61.0746
12.5275, 61.5628
12.538, 61.5628
12.5485, 61.5628
12.559, 62.0511
12.5695, 62.2953
12.58, 62.0511
12.5905, 62.0511
12.601, 62.0511
12.6115, 62.0511
12.622, 62.5394
12.6325, 62.5394
12.643, 62.5394
12.6535, 62.5394
12.664, 62.5394
12.6745, 63.0277
12.685, 63.0277
12.6955, 63.0277
12.706, 63.0277
12.7165, 63.2718
12.727, 63.2718
12.7375, 63.516
12.748, 63.7601
12.7585, 63.516
12.769, 64.0043
12.7795, 64.0043
12.79, 64.0043
12.8005, 64.2484
12.811, 64.4926
12.8215, 64.7367
12.832, 64.7367
12.8425, 64.4926
12.853, 64.7367
12.8635, 64.9809
12.874, 64.9809
12.8845, 65.225
12.895, 64.9809
12.9055, 65.225
12.916, 65.225
12.9265, 65.4691
12.937, 65.4691
12.9475, 65.7133
12.958, 65.7133
12.9685, 65.7133
12.979, 65.9574
12.9895, 65.9574
13.0, 65.9574
13.0105, 66.4457
13.021, 66.4457
13.0315, 66.6898
13.042, 66.4457
13.0525, 66.6898
13.063, 66.6898
13.0735, 66.6898
13.084, 66.6898
13.0945, 66.934
13.105, 67.4223
13.1155, 67.1781
13.126, 67.4223
13.137, 67.4223
13.148, 67.6664
13.159, 67.9106
13.17, 67.9106
13.181, 67.9106
13.192, 67.9106
13.203, 67.9106
13.2145, 68.3989
13.225, 68.1547
13.2355, 68.3989
13.246, 68.3989
13.2565, 68.8872
13.267, 68.8872
13.2775, 68.8872
13.288, 68.8872
13.2985, 68.8872
13.309, 68.8872
13.3195, 69.1313
13.33, 69.3754
13.3405, 69.3754
13.351, 69.3754
13.3615, 69.3754
13.372, 69.8637
13.3825, 69.8637
13.393, 70.1079
13.4035, 70.1079
13.414, 70.352
13.4245, 70.1079
13.435, 70.5962
13.4455, 70.5962
13.456, 70.8403
13.4665, 70.8403
13.477, 70.8403
13.4875, 70.8403
13.498, 71.0844
13.5085, 71.0844
13.519, 71.3286
13.5295, 71.3286
13.54, 71.3286
13.5505, 71.3286
13.561, 71.5727
13.5715, 71.5727
13.582, 71.5727
13.5925, 71.8169
13.603, 71.8169
13.6135, 71.8169
13.624, 72.061
13.6345, 72.061
13.645, 72.3051
13.6555, 72.5493
13.666, 72.5493
13.6765, 72.5493
13.687, 72.7935
13.6975, 72.7935
13.708, 72.7935
13.7185, 72.7935
13.729, 73.0376
13.7395, 73.2818
13.75, 73.5259
13.7605, 73.2818
13.771, 73.7701
13.7815, 73.7701
13.792, 74.0142
13.8025, 73.7701
13.813, 74.0142
13.8235, 74.0142
13.834, 73.7701
13.8445, 74.5025
13.855, 74.5025
13.8655, 74.7466
13.876, 74.7466
13.887, 74.7466
13.898, 74.9908
13.909, 74.9908
13.92, 75.2349
13.931, 75.2349
13.942, 75.2349
13.953, 75.479
13.9645, 75.479
13.975, 75.7232
13.9855, 76.2115
13.996, 75.9673
14.0065, 76.2115
14.017, 76.2115
14.0275, 76.2115
14.038, 76.4556
14.0485, 76.4556
14.059, 76.6997
14.0695, 76.6997
14.08, 76.9439
14.0905, 76.6997
14.101, 76.9439
14.1115, 76.9439
14.122, 77.188
14.1325, 76.9439
14.143, 77.4322
14.1535, 77.188
14.164, 77.6763
14.1745, 77.6763
14.185, 77.6763
14.1955, 77.6763
14.206, 77.6763
14.2165, 78.1646
14.227, 78.1646
14.2375, 78.1646
14.248, 78.4088
14.2585, 78.6529
14.269, 78.6529
14.2795, 78.6529
14.29, 78.897
14.3005, 78.897
14.311, 78.897
14.3215, 79.1411
14.332, 79.1411
14.3425, 79.6295
14.353, 79.6295
14.3635, 79.3853
14.374, 79.8736
14.3845, 79.6295
14.395, 80.1178
14.4055, 79.8736
14.416, 80.1178
14.4265, 80.1178
14.437, 80.3619
14.4475, 80.3619
14.458, 80.6061
14.4685, 80.6061
14.479, 80.6061
14.4895, 80.6061
14.5, 81.0943
14.5105, 81.0943
14.521, 81.0943
14.5315, 81.5826
14.542, 81.5826
14.5525, 81.5826
14.563, 81.5826
14.5735, 81.5826
14.584, 82.0709
14.5945, 81.8268
14.605, 82.0709
14.6155, 82.3151
14.626, 82.3151
14.637, 82.5592
14.648, 82.8033
14.659, 82.5592
14.67, 82.8033
14.681, 83.0475
14.692, 83.0475
14.703, 83.0475
14.7145, 83.0475
14.725, 83.5358
14.7355, 83.2916
14.746, 83.5358
14.7565, 83.5358
14.767, 83.5358
14.7775, 83.5358
14.788, 84.024
14.7985, 83.7799
14.809, 84.2682
14.8195, 84.024
14.83, 84.2682
14.8405, 84.5124
14.851, 84.5124
14.8615, 84.5124
14.872, 85.0007
14.8825, 84.7565
14.893, 85.0007
14.9035, 85.0007
14.914, 85.0007
14.9245, 85.2448
14.935, 85.2448
14.9455, 85.489
14.956, 85.489
14.9665, 85.489
14.977, 85.9772
14.9875, 85.7331
14.998, 85.9772
15.0085, 85.9772
15.019, 86.2214
15.0295, 86.4655
15.04, 86.4655
15.0505, 86.4655
15.061, 86.7097
15.0715, 86.7097
15.082, 86.9538
15.0925, 86.9538
15.103, 86.9538
15.1135, 87.4421
15.124, 86.9538
15.1345, 87.4421
15.145, 87.4421
15.1555, 87.4421
15.166, 87.4421
15.1765, 87.9304
15.187, 87.9304
15.1975, 88.1745
15.208, 88.1745
15.2185, 88.1745
15.229, 88.4186
15.2395, 88.4186
15.25, 88.6628
15.2605, 88.9069
15.271, 88.9069
15.2815, 88.9069
15.292, 88.9069
15.3025, 89.1511
15.313, 89.1511
15.3235, 89.3952
15.334, 89.3952
15.3445, 89.3952
15.355, 89.3952
15.3655, 89.8836
15.376, 89.8836
15.387, 89.8836
15.398, 90.1277
15.409, 90.1277
15.42, 90.3719
15.431, 90.3719
15.442, 90.6159
15.453, 90.3719
15.4645, 90.8601
15.475, 90.8601
15.4855, 91.1043
15.496, 90.8601
15.5065, 91.3484
15.517, 91.3484
15.5275, 91.3484
15.538, 91.3484
15.5485, 91.5926
15.559, 91.8367
15.5695, 91.8367
15.58, 91.8367
15.5905, 91.8367
15.601, 92.325
15.6115, 92.325
15.622, 92.325
15.6325, 92.325
15.643, 92.5691
15.6535, 92.325
15.664, 92.8133
15.6745, 93.0574
15.685, 92.8133
15.6955, 92.8133
15.706, 93.0574
15.7165, 93.3015
15.727, 93.3015
15.7375, 93.3015
15.748, 93.7898
15.7585, 93.7898
15.769, 94.034
15.7795, 93.7898
15.79, 93.7898
15.8005, 94.2781
15.811, 94.2781
15.8215, 94.2781
15.832, 94.7665
15.8425, 94.7665
15.853, 94.7665
15.8635, 94.7665
15.874, 95.0106
15.8845, 95.0106
15.895, 95.0106
15.9055, 95.2547
15.916, 95.4988
15.9265, 95.4988
15.937, 95.4988
15.9475, 95.743
15.958, 95.743
15.9685, 95.743
15.979, 95.9872
15.9895, 96.2313
16.0, 96.2313
16.0105, 96.2313
16.021, 96.2313
16.0315, 96.4755
16.042, 96.4755
16.0525, 96.7196
16.063, 96.7196
16.0735, 96.7196
16.084, 96.7196
16.0945, 96.9637
16.105, 96.9637
16.1155, 97.2079
16.126, 97.2079
16.137, 97.452
16.148, 97.6962
16.159, 97.9403
16.17, 97.6962
16.181, 98.1844
16.192, 97.9403
16.203, 98.1844
16.2145, 98.1844
16.225, 98.6727
16.2355, 98.4286
16.246, 98.4286
16.2565, 98.4286
16.267, 98.6727
16.2775, 98.9169
16.288, 98.9169
16.2985, 98.9169
16.309, 99.161
16.3195, 99.4052
16.33, 99.161
16.3405, 99.4052
16.351, 99.6493
16.3615, 99.6493
16.372, 100.138
16.3825, 99.4052
16.393, 100.138
16.4035, 100.382
16.414, 100.138
16.4245, 100.626
16.435, 100.626
16.4455, 100.626
16.456, 100.626
16.4665, 100.626
16.477, 100.87
16.4875, 100.87
16.498, 100.87
16.5085, 101.114
16.519, 101.114
16.5295, 101.602
16.54, 101.358
16.5505, 101.602
16.561, 101.602
16.5715, 101.847
16.582, 101.847
16.5925, 102.091
16.603, 102.091
16.6135, 102.335
16.624, 102.335
16.6345, 102.335
16.645, 102.579
16.6555, 102.335
16.666, 102.579
16.6765, 102.823
16.687, 102.823
16.6975, 102.823
16.708, 103.067
16.7185, 103.067
16.729, 103.311
16.7395, 103.311
16.75, 103.556
16.7605, 103.556
16.771, 103.8
16.7815, 104.044
16.792, 104.044
16.8025, 104.044
16.813, 104.288
16.8235, 104.044
16.834, 104.532
16.8445, 104.532
16.855, 104.532
16.8655, 104.776
16.876, 104.776
16.887, 105.021
16.898, 105.021
16.909, 105.021
16.92, 105.265
16.931, 105.265
16.942, 105.509
16.953, 105.509
16.9645, 105.509
16.975, 105.753
16.9855, 105.753
16.996, 105.997
17.0065, 106.241
17.017, 105.997
17.0275, 106.241
17.038, 106.485
17.0485, 106.729
17.059, 106.485
17.0695, 106.729
17.08, 106.974
17.0905, 106.974
17.101, 106.974
17.1115, 106.974
17.122, 106.974
17.1325, 107.462
17.143, 107.462
17.1535, 107.462
17.164, 107.462
17.1745, 107.706
17.185, 107.462
17.1955, 107.95
17.206, 107.95
17.2165, 108.194
17.227, 107.95
17.2375, 108.194
17.248, 107.95
17.2585, 108.194
17.269, 108.439
17.2795, 108.683
17.29, 108.439
17.3005, 108.927
17.311, 108.927
17.3215, 108.927
17.332, 109.171
17.3425, 109.171
17.353, 109.171
17.3635, 109.415
17.374, 109.659
17.3845, 109.903
17.395, 109.903
17.4055, 109.903
17.416, 110.147
17.4265, 110.392
17.437, 110.636
17.4475, 110.392
17.458, 110.392
17.4685, 110.636
17.479, 110.88
17.4895, 110.88
17.5, 110.88
17.5105, 110.88
17.521, 111.368
17.5315, 111.368
17.542, 111.368
17.5525, 111.368
17.563, 111.857
17.5735, 111.612
17.584, 111.857
17.5945, 111.857
17.605, 112.101
17.6155, 112.345
17.626, 112.345
17.637, 112.345
17.648, 112.589
17.659, 112.833
17.67, 112.833
17.681, 112.833
17.692, 113.077
17.703, 113.077
17.7145, 113.321
17.725, 113.321
17.7355, 113.566
17.746, 113.566
17.7565, 113.566
17.767, 113.81
17.7775, 113.81
17.788, 114.054
17.7985, 114.054
17.809, 114.054
17.8195, 114.298
17.83, 114.298
17.8405, 114.298
17.851, 114.542
17.8615, 114.542
17.872, 114.786
17.8825, 114.786
17.893, 114.786
17.9035, 115.03
17.914, 115.763
17.9245, 115.763
17.935, 115.763
17.9455, 116.007
17.956, 116.251
17.9665, 116.251
17.977, 116.251
17.9875, 116.251
17.998, 116.495
18.0085, 116.739
18.019, 116.739
18.0295, 116.739
18.04, 116.984
18.0505, 116.984
18.061, 117.228
18.0715, 117.228
18.082, 117.472
18.0925, 117.716
18.103, 117.716
18.1135, 117.716
18.124, 117.716
18.1345, 117.96
18.145, 118.204
18.1555, 118.204
18.166, 118.204
18.1765, 118.448
18.187, 118.448
18.1975, 118.693
18.208, 118.693
18.2185, 118.937
18.229, 119.181
18.2395, 119.425
18.25, 119.181
18.2605, 119.669
18.271, 119.669
18.2815, 119.669
18.292, 119.669
18.3025, 119.669
18.313, 120.157
18.3235, 120.157
18.334, 120.157
18.3445, 120.402
18.355, 120.646
18.3655, 120.646
18.376, 120.646
18.387, 120.646
18.398, 120.89
18.409, 121.134
18.42, 120.89
18.431, 121.378
18.442, 121.378
18.453, 121.378
18.4645, 121.378
18.475, 121.622
18.4855, 121.622
18.496, 121.866
18.5065, 121.866
18.517, 122.111
18.5275, 122.111
18.538, 122.355
18.5485, 122.355
18.559, 122.599
18.5695, 122.599
18.58, 123.087
18.5905, 122.599
18.601, 123.087
18.6115, 123.087
18.622, 123.575
18.6325, 123.331
18.643, 123.575
18.6535, 123.575
18.664, 123.575
18.6745, 124.064
18.685, 124.064
18.6955, 124.064
18.706, 124.308
18.7165, 124.308
18.727, 124.552
18.7375, 124.552
18.748, 124.552
18.7585, 124.796
18.769, 125.04
18.7795, 125.04
18.79, 125.284
18.8005, 125.529
18.811, 125.529
18.8215, 125.529
18.832, 125.773
18.8425, 125.773
18.853, 126.017
18.8635, 126.261
18.874, 126.261
18.8845, 126.505
18.895, 126.505
18.9055, 126.505
18.916, 126.749
18.9265, 126.993
18.937, 126.993
18.9475, 127.238
18.958, 127.482
18.9685, 127.482
18.979, 127.482
18.9895, 127.726
19.0, 127.482
19.0105, 127.726
19.021, 127.97
19.0315, 128.214
19.042, 127.97
19.0525, 128.214
19.063, 127.97
19.0735, 128.214
19.084, 128.458
19.0945, 128.702
19.105, 128.702
19.1155, 128.702
19.126, 128.947
19.137, 128.947
19.148, 129.435
19.159, 129.435
19.17, 129.435
19.181, 129.679
19.192, 129.679
19.203, 129.923
19.2145, 129.923
19.225, 129.923
19.2355, 130.411
19.246, 130.411
19.2565, 130.411
19.267, 130.411
19.2775, 130.9
19.288, 130.9
19.2985, 131.144
19.309, 131.388
19.3195, 131.388
19.33, 131.388
19.3405, 131.632
19.351, 131.632
19.3615, 131.876
19.372, 131.632
19.3825, 131.876
19.393, 132.121
19.4035, 132.121
19.414, 132.365
19.4245, 132.365
19.435, 132.365
19.4455, 132.853
19.456, 132.853
19.4665, 132.853
19.477, 132.853
19.4875, 133.097
19.498, 133.097
19.5085, 133.341
19.519, 133.341
19.5295, 133.585
19.54, 133.585
19.5505, 133.83
19.561, 133.83
19.5715, 133.83
19.582, 133.83
19.5925, 134.074
19.603, 134.318
19.6135, 134.318
19.624, 134.318
19.6345, 134.318
19.645, 134.318
19.6555, 134.562
19.666, 134.806
19.6765, 135.05
19.687, 134.806
19.6975, 135.05
19.708, 135.05
19.7185, 135.05
19.729, 135.294
19.7395, 135.294
19.75, 135.294
19.7605, 135.539
19.771, 135.783
19.7815, 135.783
19.792, 136.027
19.8025, 135.783
19.813, 136.271
19.8235, 136.271
19.834, 136.271
19.8445, 136.759
19.855, 136.515
19.8655, 136.759
19.876, 137.003
19.887, 137.248
19.898, 137.248
19.909, 137.248
19.92, 137.492
19.931, 137.736
19.942, 137.736
19.953, 137.736
19.9645, 137.736
19.975, 137.98
19.9855, 137.98
19.996, 138.224
20.0065, 138.224
20.017, 138.224
20.0275, 138.712
20.038, 138.712
20.0485, 138.957
20.059, 138.957
20.0695, 139.201
20.08, 139.201
20.0905, 139.201
20.101, 139.445
20.1115, 139.689
20.122, 139.689
20.1325, 139.689
20.143, 139.933
20.1535, 140.177
20.164, 140.177
20.1745, 140.421
20.185, 140.177
20.1955, 140.421
20.206, 140.421
20.2165, 140.666
20.227, 140.666
20.2375, 140.91
20.248, 140.91
20.2585, 140.91
20.269, 141.154
20.2795, 141.154
20.29, 141.398
20.3005, 141.398
20.311, 141.398
20.3215, 141.642
20.332, 141.642
20.3425, 142.13
20.353, 141.886
20.3635, 142.13
20.374, 142.13
20.3845, 142.13
20.395, 142.13
20.4055, 142.13
20.416, 142.619
20.4265, 142.619
20.437, 142.619
20.4475, 142.863
20.458, 143.107
20.4685, 143.107
20.479, 143.351
20.4895, 143.595
20.5, 143.351
20.5105, 143.595
20.521, 143.839
20.5315, 144.084
20.542, 144.084
20.5525, 144.084
20.563, 144.084
20.5735, 144.084
20.584, 144.816
20.5945, 144.572
20.605, 144.572
20.6155, 144.816
20.626, 145.06
20.637, 145.06
20.648, 145.304
20.659, 145.304
20.67, 145.548
20.681, 145.548
20.692, 145.793
20.703, 145.793
20.7145, 145.793
20.725, 146.037
20.7355, 146.281
20.746, 146.525
20.7565, 146.525
20.767, 146.525
20.7775, 147.013
20.788, 147.013
20.7985, 147.502
20.809, 147.257
20.8195, 147.257
20.83, 147.257
20.8405, 147.257
20.851, 147.257
20.8615, 147.502
20.872, 147.746
20.8825, 147.502
20.893, 147.746
20.9035, 147.99
20.914, 147.746
20.9245, 147.502
20.935, 147.99
20.9455, 147.99
20.956, 148.234
20.9665, 148.234
20.977, 148.478
20.9875, 148.722
20.998, 148.722
21.0085, 148.722
21.019, 148.966
21.0295, 149.211
21.04, 148.966
21.0505, 149.455
21.061, 149.455
21.0715, 149.455
21.082, 149.699
21.0925, 149.943
21.103, 149.943
21.1135, 149.943
21.124, 150.187
21.1345, 150.431
21.145, 150.431
21.1555, 150.431
21.166, 150.675
21.1765, 150.92
21.187, 151.164
21.1975, 150.92
21.208, 151.164
21.2185, 151.164
21.229, 151.164
21.2395, 151.164
21.25, 151.408
21.2605, 151.408
21.271, 151.896
21.2815, 151.652
21.292, 151.896
21.3025, 151.896
21.313, 152.384
21.3235, 152.384
21.334, 152.384
21.3445, 152.629
21.355, 152.629
21.3655, 152.873
21.376, 153.361
21.387, 153.117
21.398, 153.117
21.409, 153.361
21.42, 153.605
21.431, 153.361
21.442, 153.849
21.453, 153.605
21.4645, 153.849
21.475, 153.849
21.4855, 153.849
21.496, 153.849
21.5065, 153.849
21.517, 154.093
21.5275, 154.338
21.538, 154.338
21.5485, 154.338
21.559, 154.338
21.5695, 154.582
21.58, 154.582
21.5905, 154.582
21.601, 154.582
21.6115, 154.826
21.622, 155.07
21.6325, 155.314
21.643, 155.314
21.6535, 155.558
21.668, 155.802
21.679, 155.802
21.69, 156.047
21.701, 156.047
21.712, 156.291
21.723, 156.535
21.734, 156.779
21.745, 156.779
21.7565, 157.023
21.767, 157.023
21.7775, 157.267
21.788, 157.267
21.7985, 157.267
21.809, 157.267
21.8195, 157.267
21.83, 157.267
21.8405, 157.756
21.851, 157.756
21.8615, 157.756
21.872, 158.0
21.8825, 158.244
21.893, 158.244
21.9035, 158.244
21.914, 158.488
21.9245, 158.732
21.935, 158.732
21.9455, 158.976
21.956, 159.22
21.9665, 159.22
21.977, 159.22
21.9875, 159.465
21.998, 159.465
22.0085, 159.709
22.019, 159.709
22.0295, 160.197
22.04, 159.953
22.0505, 159.953
22.061, 160.197
22.0715, 160.197
22.082, 160.197
22.0925, 160.197
22.103, 160.441
22.1135, 160.197
22.124, 160.441
22.1345, 160.197
22.145, 160.685
22.1555, 160.441
22.166, 160.441
22.1765, 160.197
22.187, 160.441
22.1975, 160.197
22.208, 160.441
22.2185, 160.441
22.229, 160.197
22.2395, 160.197
22.25, 159.709
22.2605, 121.378
22.271, 65.4691
22.2815, 59.6097
22.292, 57.1682
22.3025, 59.1214
22.313, 58.6331
22.3235, 58.3889
22.334, 58.1448
22.3445, 58.3889
22.355, 58.6331
22.3655, 58.1448
22.376, 58.6331
22.387, 58.3889
22.398, 58.6331
22.409, 58.3889
22.42, 58.3889
22.431, 58.3889
22.442, 58.3889
22.453, 58.6331
22.4645, 58.3889
22.475, 58.3889
22.4855, 49.3556
22.496, 37.6367
22.5065, 31.2889
22.517, 28.3592
22.5275, 27.8709
22.538, 28.1151
22.5485, 28.3592
22.559, 28.3592
22.5695, 28.3592
22.58, 28.1151
22.5905, 28.3592
22.601, 28.1151
22.6115, 28.3592
22.622, 27.8709
22.6325, 27.8709
22.643, 27.3826
22.6535, 27.1385
22.664, 26.6502
22.6745, 26.6502
22.685, 26.4061
22.6955, 26.4061
22.706, 26.6502
22.7165, 26.4061
22.727, 26.4061
22.7375, 26.4061
22.748, 26.6502
22.7585, 26.4061
22.769, 26.4061
22.7795, 26.4061
22.79, 26.4061
22.8005, 26.4061
22.811, 26.4061
22.8215, 26.4061
22.832, 26.4061
22.8425, 26.4061
22.853, 26.4061
22.8635, 26.4061
22.874, 26.4061
22.8845, 26.4061
22.895, 26.4061
22.9055, 26.4061
22.916, 26.4061
22.9265, 26.4061
22.937, 26.4061
22.9475, 26.4061
22.958, 26.4061
22.9685, 25.9178
22.979, 26.4061
22.9895, 26.4061
23.0, 26.1619
23.0105, 26.4061
23.021, 25.9178
23.0315, 26.1619
23.042, 26.1619
23.0525, 26.1619
23.063, 25.9178
23.0735, 26.4061
23.084, 26.1619
23.0945, 26.1619
23.105, 25.9178
23.1155, 25.9178
23.126, 25.9178
23.137, 25.9178
23.148, 25.9178
23.159, 25.6736
23.17, 25.9178
23.181, 25.6736
23.192, 25.4295
23.203, 25.6736
23.2145, 25.4295
23.225, 25.4295
23.2355, 25.6736
23.246, 25.4295
23.2565, 25.4295
23.267, 25.6736
23.2775, 25.4295
23.288, 25.4295
23.2985, 25.4295
23.309, 25.4295
23.3195, 25.4295
23.33, 25.4295
23.3405, 25.4295
23.351, 25.4295
23.3615, 25.4295
23.372, 25.6736
23.3825, 25.1853
23.393, 25.4295
23.4035, 25.4295
23.414, 25.4295
23.4245, 25.4295
23.435, 25.4295
23.4455, 25.4295
23.456, 25.1853
23.4665, 25.4295
23.477, 25.4295
23.4875, 25.4295
23.498, 25.4295
23.5085, 24.9412
23.519, 25.4295
23.5295, 25.4295
23.54, 25.4295
23.5505, 25.4295
23.561, 25.1853
23.5715, 25.1853
23.582, 25.1853
23.5925, 25.4295
23.603, 25.4295
23.6135, 25.4295
23.624, 25.4295
23.6345, 25.4295
23.645, 25.1853
23.6555, 25.4295
23.666, 25.4295
23.6765, 25.4295
23.687, 25.4295
23.6975, 24.9412
23.708, 25.1853
23.7185, 25.4295
23.729, 25.4295
23.7395, 25.4295
23.75, 25.1853
23.7605, 25.1853
23.771, 25.4295
23.7815, 25.4295
23.792, 25.4295
23.8025, 25.4295
23.813, 25.4295
23.8235, 25.4295
23.834, 25.4295
23.8445, 25.4295
23.855, 25.4295
23.8655, 25.4295
23.876, 25.4295
23.887, 25.4295
23.898, 25.4295
23.909, 25.4295
23.92, 25.1853
23.931, 25.4295
23.942, 25.4295
23.953, 25.1853
23.9645, 25.4295
23.975, 25.4295
23.9855, 24.9412
23.996, 25.4295
24.0065, 25.4295
24.017, 25.6736
24.0275, 25.4295
24.038, 25.6736
24.0485, 25.4295
24.059, 25.4295
24.0695, 25.1853
24.08, 25.1853
24.0905, 25.4295
24.101, 25.4295
24.1115, 25.4295
24.122, 25.4295
24.1325, 25.4295
24.143, 25.1853
24.1535, 25.4295
24.164, 25.1853
24.1745, 25.4295
24.185, 25.4295
24.1955, 25.4295
24.206, 25.4295
24.2165, 25.4295
24.227, 25.6736
24.2375, 25.4295
24.248, 25.1853
24.2585, 25.4295
24.269, 25.4295
24.2795, 25.1853
24.29, 25.1853
24.3005, 25.4295
24.311, 25.4295
24.3215, 25.4295
24.332, 25.4295
24.3425, 25.4295
24.353, 25.1853
24.3635, 24.9412
24.374, 25.4295
24.3845, 25.4295
24.395, 24.9412
24.4055, 25.1853
24.416, 25.4295
24.4265, 25.4295
24.437, 25.1853
24.4475, 24.9412
24.458, 25.4295
24.4685, 25.4295
24.479, 25.4295
24.4895, 25.4295
24.5, 25.1853
24.5105, 25.4295
24.521, 25.4295
24.5315, 25.1853
24.542, 25.4295
24.5525, 25.1853
24.563, 25.4295
24.5735, 25.4295
24.584, 25.4295
24.5945, 24.9412
24.605, 25.4295
24.6155, 25.1853
24.626, 25.4295
24.637, 25.1853
24.648, 25.4295
24.659, 25.1853
24.67, 25.1853
24.681, 25.4295
24.692, 24.9412
24.703, 25.1853
24.7145, 25.4295
24.725, 25.4295
24.7355, 25.1853
24.746, 25.4295
24.7565, 25.4295
24.767, 25.4295
24.7775, 25.4295
24.788, 25.4295
24.7985, 25.4295
24.809, 25.4295
24.8195, 25.4295
24.83, 25.4295
24.8405, 25.1853
24.851, 25.4295
24.8615, 25.1853
24.872, 25.4295
24.8825, 24.9412
24.893, 25.4295
24.9035, 25.4295
24.914, 25.1853
24.9245, 25.4295
24.935, 25.4295
24.9455, 25.1853
24.956, 25.4295
24.9665, 25.1853
24.977, 25.4295
24.9875, 25.4295
24.998, 25.4295
25.0085, 25.4295
25.019, 25.4295
25.0295, 25.4295
25.04, 25.4295
25.0505, 25.4295
25.061, 25.1853
25.0715, 25.4295
25.082, 25.1853
25.0925, 25.4295
25.103, 25.1853
25.1135, 24.9412
25.124, 25.4295
25.1345, 25.4295
25.145, 25.6736
25.1555, 25.4295
25.166, 25.4295
25.1765, 25.4295
25.187, 25.4295
25.1975, 25.4295
25.208, 25.1853
25.2185, 25.1853
25.229, 25.4295
25.2395, 25.1853
25.25, 25.4295
25.2605, 25.1853
25.271, 25.4295
25.2815, 25.4295
25.292, 25.1853
25.3025, 25.4295
25.313, 24.9412
25.3235, 25.1853
25.334, 25.4295
25.3445, 25.4295
25.355, 25.4295
25.3655, 25.4295
25.376, 25.1853
25.387, 25.4295
25.398, 25.4295
25.409, 25.4295
25.42, 25.4295
25.431, 25.4295
25.442, 25.4295
25.453, 25.4295
25.4645, 25.4295
25.475, 25.1853
25.4855, 25.6736
25.496, 25.4295
25.5065, 25.4295
25.517, 25.4295
25.5275, 25.4295
25.538, 25.4295
25.5485, 25.1853
25.559, 24.9412
25.5695, 25.4295
25.58, 25.4295
25.5905, 25.1853
25.601, 25.4295
25.6115, 25.4295
25.622, 25.4295
25.6325, 25.4295
25.643, 25.4295
25.6535, 25.4295
25.664, 25.4295
25.6745, 24.9412
25.685, 25.4295
25.6955, 25.4295
25.706, 25.4295
25.7165, 25.4295
25.727, 25.4295
25.7375, 25.4295
25.748, 25.1853
25.7585, 25.4295
25.769, 25.1853
25.7795, 25.4295
25.79, 25.4295
25.8005, 25.4295
25.811, 25.4295
25.8215, 25.1853
25.832, 25.4295
25.8425, 25.1853
25.853, 24.9412
25.8635, 25.1853
25.874, 25.4295
25.8845, 25.1853
25.895, 25.4295
25.9055, 25.1853
25.916, 25.4295
25.9265, 24.9412
25.937, 25.4295
25.9475, 24.9412
25.958, 25.1853
25.9685, 25.4295
25.979, 25.4295
25.9895, 25.1853
26.0, 25.4295
26.0105, 25.1853
26.021, 25.4295
26.0315, 25.4295
26.042, 25.1853
26.0525, 24.9412
26.063, 25.1853
26.0735, 25.1853
26.084, 25.1853
26.0945, 25.1853
26.105, 24.9412
26.1155, 24.9412
26.126, 25.4295
26.137, 25.4295
26.148, 25.4295
26.159, 25.4295
26.17, 25.4295
26.181, 25.4295
26.192, 25.4295
26.203, 25.4295
26.2145, 25.1853
26.225, 25.4295
26.2355, 25.4295
26.246, 25.4295
26.2565, 25.1853
26.267, 24.9412
26.2775, 25.4295
26.288, 25.4295
26.2985, 25.4295
26.309, 25.1853
26.3195, 25.4295
26.33, 25.1853
26.3405, 25.4295
26.351, 24.9412
26.3615, 25.4295
26.372, 25.4295
26.3825, 25.4295
26.393, 24.9412
26.4035, 25.4295
26.414, 25.4295
26.4245, 24.9412
26.435, 24.9412
26.4455, 25.1853
26.456, 24.9412
26.4665, 25.4295
26.477, 25.4295
26.4875, 25.1853
26.498, 24.9412
26.5085, 25.4295
26.519, 25.4295
26.5295, 25.4295
26.54, 25.1853
26.5505, 25.4295
26.561, 25.4295
26.5715, 25.4295
26.582, 25.1853
26.5925, 25.4295
26.603, 24.9412
26.6135, 25.4295
26.624, 24.9412
26.6345, 24.9412
26.645, 25.1853
26.6555, 25.1853
26.666, 25.4295
26.6765, 25.4295
26.687, 25.4295
26.6975, 25.4295
26.708, 25.4295
26.7185, 25.1853
26.729, 25.1853
26.7395, 25.1853
26.75, 24.9412
26.7605, 25.4295
26.771, 25.4295
26.7815, 25.4295
26.792, 24.9412
26.8025, 25.4295
26.813, 25.4295
26.8235, 25.4295
26.834, 25.4295
26.8445, 25.4295
26.855, 25.1853
26.8655, 25.4295
26.876, 25.4295
26.887, 25.1853
26.898, 25.1853
26.909, 25.4295
26.92, 25.1853
26.931, 25.6736
26.942, 24.9412
26.953, 25.1853
26.9645, 25.1853
26.975, 25.1853
26.9855, 25.1853
26.996, 25.4295
27.0065, 25.1853
27.017, 24.9412
27.0275, 25.1853
27.038, 24.9412
27.0485, 25.4295
27.059, 25.1853
27.0695, 24.9412
27.08, 25.4295
27.0905, 25.1853
27.101, 25.1853
27.1115, 25.4295
27.122, 25.4295
27.1325, 25.1853
27.143, 25.1853
27.1535, 25.1853
27.164, 25.1853
27.1745, 25.4295
27.185, 25.1853
27.1955, 25.4295
27.206, 25.4295
27.2165, 25.4295
27.227, 25.4295
27.2375, 25.4295
27.248, 25.4295
27.2585, 25.1853
27.269, 25.4295
27.2795, 25.4295
27.29, 25.1853
27.3005, 24.9412
27.311, 25.1853
27.3215, 24.9412
27.332, 25.1853
27.3425, 25.4295
27.353, 25.4295
27.3635, 25.4295
27.374, 25.4295
27.3845, 25.1853
27.395, 25.4295
27.4055, 25.1853
27.416, 25.4295
27.4265, 25.1853
27.437, 25.1853
27.4475, 24.9412
27.458, 25.1853
27.4685, 24.9412
27.479, 25.4295
27.4895, 25.1853
27.5, 24.9412
27.5105, 25.1853
27.521, 25.1853
27.5315, 25.4295
27.542, 24.9412
27.5525, 25.4295
27.563, 25.4295
27.5735, 25.1853
27.584, 24.9412
27.5945, 25.4295
27.605, 25.4295
27.6155, 25.4295
27.626, 25.1853
27.637, 25.1853
27.648, 25.4295
27.659, 25.1853
27.67, 25.1853
27.681, 25.4295
27.692, 25.1853
27.703, 24.9412
27.7145, 25.1853
27.725, 24.9412
27.7355, 25.1853
27.746, 24.9412
27.7565, 25.4295
27.767, 24.9412
27.7775, 24.9412
27.788, 25.4295
27.7985, 25.4295
27.809, 25.4295
27.8195, 25.1853
27.83, 25.1853
27.8405, 24.9412
27.851, 25.4295
27.8615, 25.1853
27.872, 25.4295
27.8825, 25.4295
27.893, 25.4295
27.9035, 25.4295
27.914, 25.1853
27.9245, 25.4295
27.935, 25.4295
27.9455, 25.1853
27.956, 25.4295
27.9665, 25.4295
27.977, 25.4295
27.9875, 25.4295
27.998, 24.9412
28.0085, 25.4295
28.019, 25.4295
28.0295, 25.1853
28.04, 25.4295
28.0505, 24.9412
28.061, 25.4295
28.0715, 24.9412
28.082, 24.9412
28.0925, 25.4295
28.103, 24.9412
28.1135, 24.9412
28.124, 25.1853
28.1345, 25.4295
28.145, 25.1853
28.1555, 25.4295
28.166, 25.4295
28.1765, 25.1853
28.187, 25.4295
28.1975, 25.1853
28.208, 25.4295
28.2185, 25.4295
28.229, 24.9412
28.2395, 25.1853
28.25, 24.9412
28.2605, 25.4295
28.271, 24.9412
28.2815, 25.1853
28.292, 25.4295
28.3025, 24.9412
28.313, 25.4295
28.3235, 24.9412
28.334, 25.4295
28.3445, 25.4295
28.355, 24.9412
28.3655, 25.4295
28.376, 24.9412
28.387, 24.9412
28.398, 25.4295
28.409, 24.9412
28.42, 25.1853
28.431, 25.1853
28.442, 25.4295
28.453, 24.9412
28.4645, 25.4295
28.475, 25.4295
28.4855, 25.1853
28.496, 25.4295
28.5065, 25.4295
28.517, 24.9412
28.5275, 25.1853
28.538, 25.1853
28.5485, 24.9412
28.559, 25.4295
28.5695, 25.1853
28.58, 25.4295
28.5905, 25.1853
28.601, 24.9412
28.6115, 25.4295
28.622, 24.9412
28.6325, 25.4295
28.643, 25.4295
28.6535, 24.9412
28.664, 25.1853
28.6745, 25.4295
28.685, 25.4295
28.6955, 25.4295
28.706, 24.9412
28.7165, 25.4295
28.727, 25.1853
28.7375, 25.4295
28.748, 25.4295
28.7585, 24.9412
28.769, 25.4295
28.7795, 25.4295
28.79, 25.4295
28.8005, 25.4295
28.811, 25.4295
28.8215, 24.9412
28.832, 25.4295
28.8425, 25.4295
28.853, 25.1853
28.8635, 25.4295
28.874, 25.4295
28.8845, 25.1853
28.895, 25.4295
28.9055, 24.9412
28.916, 25.6736
28.9265, 25.4295
28.937, 25.4295
28.9475, 25.1853
28.958, 24.9412
28.9685, 25.4295
28.979, 25.1853
28.9895, 24.9412
29.0, 25.1853
29.0105, 25.1853
29.021, 25.1853
29.0315, 25.4295
29.042, 25.4295
29.0525, 24.9412
29.063, 25.1853
29.0735, 25.4295
29.084, 24.9412
29.0945, 25.4295
29.105, 25.1853
29.1155, 25.4295
29.126, 25.1853
29.137, 24.9412
29.148, 25.4295
29.159, 25.1853
29.17, 25.4295
29.181, 25.1853
29.192, 25.1853
29.203, 25.4295
29.2145, 25.1853
29.225, 25.1853
29.2355, 25.4295
29.246, 25.4295
29.2565, 25.4295
29.267, 25.1853
29.2775, 25.4295
29.288, 24.9412
29.2985, 24.9412
29.309, 24.9412
29.3195, 25.4295
29.33, 25.4295
29.3405, 25.4295
29.351, 25.4295
29.3615, 25.1853
29.372, 25.4295
29.3825, 25.1853
29.393, 24.9412
29.4035, 24.9412
29.414, 24.9412
29.4245, 25.4295
29.435, 24.9412
29.4455, 25.4295
29.456, 24.9412
29.4665, 24.9412
29.477, 25.4295
29.4875, 25.4295
29.498, 25.1853
29.5085, 24.9412
29.519, 25.4295
29.5295, 24.9412
29.54, 25.4295
29.5505, 25.1853
29.561, 25.4295
29.5715, 25.4295
29.582, 25.1853
29.5925, 25.4295
29.603, 25.4295
29.6135, 24.9412
29.624, 25.4295
29.6345, 24.9412
29.645, 25.4295
29.6555, 25.4295
29.666, 25.4295
29.6765, 25.4295
29.687, 24.9412
29.6975, 24.9412
29.708, 25.4295
29.7185, 25.1853
29.729, 25.4295
29.7395, 25.1853
29.75, 25.1853
29.7605, 24.9412
29.771, 25.1853
29.7815, 25.4295
29.792, 25.1853
29.8025, 25.1853
29.813, 25.4295
29.8235, 25.1853
29.834, 24.9412
29.8445, 24.9412
29.855, 25.4295
29.8655, 25.1853
29.876, 25.1853
29.887, 25.1853
29.898, 25.4295
29.909, 25.4295
29.92, 25.1853
29.931, 25.4295
29.942, 25.4295
29.953, 24.9412
29.9645, 25.4295
29.975, 25.4295
29.9855, 25.4295
29.996, 24.9412
30.0065, 24.9412
30.017, 25.4295
30.0275, 25.4295
30.038, 24.9412
30.0485, 25.4295
30.059, 24.9412
30.0695, 25.4295
30.08, 25.1853
30.0905, 24.9412
30.101, 25.4295
30.1115, 24.9412
30.122, 25.4295
30.1325, 25.4295
30.143, 24.9412
30.1535, 25.1853
30.164, 25.4295
30.1745, 25.1853
30.185, 25.1853
30.1955, 25.1853
30.206, 25.4295
30.2165, 25.4295
30.227, 25.1853
30.2375, 25.1853
30.248, 25.1853
30.2585, 25.1853
30.269, 25.4295
30.2795, 25.1853
30.29, 24.9412
30.3005, 25.1853
30.311, 25.4295
30.3215, 24.9412
30.332, 25.4295
30.3425, 25.4295
30.353, 25.4295
30.3635, 25.4295
30.374, 24.9412
30.3845, 25.4295
30.395, 25.4295
30.4055, 25.4295
30.416, 24.9412
30.4265, 25.4295
30.437, 25.4295
30.4475, 24.9412
30.458, 25.1853
30.4685, 25.4295
30.479, 25.4295
30.4895, 24.9412
30.5, 25.4295
30.5105, 25.1853
30.521, 24.9412
30.5315, 25.4295
30.542, 25.4295
30.5525, 25.4295
30.563, 25.4295
30.5735, 25.4295
30.584, 25.1853
30.5945, 25.1853
30.605, 25.4295
30.6155, 25.1853
30.626, 24.9412
30.637, 25.1853
30.648, 24.9412
30.659, 25.1853
30.67, 25.1853
30.681, 24.9412
30.692, 25.4295
30.703, 24.9412
30.7145, 24.9412
30.725, 25.1853
30.7355, 25.4295
30.746, 25.1853
30.7565, 25.4295
30.767, 25.4295
30.7775, 25.4295
30.788, 25.4295
30.7985, 24.9412
30.809, 25.1853
30.8195, 25.1853
30.83, 25.4295
30.8405, 25.4295
30.851, 25.1853
30.8615, 24.9412
30.872, 25.1853
30.8825, 25.4295
30.893, 25.4295
30.9035, 25.1853
30.914, 25.4295
30.9245, 25.1853
30.935, 25.4295
30.9455, 25.4295
30.956, 25.4295
30.9665, 25.1853
30.977, 25.1853
30.9875, 24.9412
30.998, 25.4295
31.0085, 25.4295
31.019, 25.4295
31.0295, 24.9412
31.04, 24.9412
31.0505, 25.4295
31.061, 24.9412
31.0715, 25.4295
31.082, 25.1853
31.0925, 25.1853
31.103, 25.4295
31.1135, 25.4295
31.124, 25.4295
31.1345, 25.4295
31.145, 25.1853
31.1555, 25.4295
31.166, 25.1853
31.1765, 25.4295
31.187, 25.1853
31.1975, 24.9412
31.208, 25.4295
31.2185, 25.4295
31.229, 25.1853
31.2395, 25.1853
31.25, 24.9412
31.2605, 25.1853
31.271, 25.4295
31.2815, 25.4295
31.292, 24.9412
31.3025, 24.9412
31.313, 24.9412
31.3235, 25.4295
31.334, 24.9412
31.3445, 25.4295
31.355, 25.4295
31.3655, 25.1853
31.376, 24.9412
31.387, 25.4295
31.398, 25.1853
31.409, 25.1853
31.42, 24.9412
31.431, 25.4295
31.442, 25.4295
31.453, 24.9412
31.4645, 24.9412
31.475, 25.1853
31.4855, 25.4295
31.496, 25.4295
31.5065, 25.4295
31.517, 25.4295
31.5275, 25.4295
31.538, 25.4295
31.5485, 24.9412
31.559, 25.4295
31.5695, 24.9412
31.58, 25.1853
31.5905, 25.1853
31.601, 25.4295
31.6115, 25.4295
31.622, 25.4295
31.6325, 25.4295
31.643, 25.4295
31.6535, 25.4295
31.664, 25.4295
31.6745, 24.9412
31.685, 25.1853
31.6955, 25.1853
31.706, 24.9412
31.7165, 25.4295
31.727, 25.4295
31.7375, 25.4295
31.748, 25.1853
31.7585, 25.4295
31.769, 25.4295
31.7795, 25.4295
31.79, 25.1853
31.8005, 24.9412
31.811, 25.4295
31.8215, 25.4295
31.832, 25.1853
31.8425, 25.4295
31.853, 25.1853
31.8635, 25.4295
31.874, 25.4295
31.8845, 25.4295
31.895, 25.4295
31.9055, 25.4295
31.916, 25.4295
31.9265, 25.1853
31.937, 24.9412
31.9475, 25.4295
31.958, 25.4295
31.9685, 25.4295
31.979, 24.9412
31.9895, 25.4295
32.0, 25.4295
32.0105, 25.1853
32.021, 25.4295
32.0315, 24.9412
32.042, 25.4295
32.0525, 25.4295
32.063, 25.4295
32.0735, 24.9412
32.084, 25.4295
32.0945, 25.1853
32.105, 25.4295
32.1155, 25.4295
32.126, 25.4295
32.137, 25.4295
32.148, 24.9412
32.159, 25.1853
32.17, 25.1853
32.181, 25.1853
32.192, 24.9412
32.203, 25.1853
32.2145, 25.4295
32.225, 25.1853
32.2355, 25.4295
32.246, 25.4295
32.2565, 25.4295
32.267, 25.4295
32.2775, 25.4295
32.288, 25.4295
32.2985, 24.9412
32.309, 25.4295
32.3195, 25.4295
32.33, 25.4295
32.3405, 25.1853
32.351, 24.9412
32.3615, 25.1853
32.372, 24.9412
32.3825, 24.9412
32.393, 25.4295
32.4035, 25.1853
32.414, 24.9412
32.4245, 25.4295
32.435, 25.4295
32.4455, 25.1853
32.456, 25.4295
